20 0.393023 0.522218 0.019307 0.078935
19 0.068695 0.564338 0.018182 0.089065
1 0.224573 0.342407 0.016250 0.023944
17 0.240060 0.636597 0.033432 0.048083
15 0.230378 0.463065 0.028776 0.043222
25 0.660427 0.352394 0.026719 0.049194
26 0.730799 0.409625 0.024901 0.050528
38 0.734620 0.459051 0.042479 0.031824
21 0.746557 0.289769 0.022240 0.038148
24 0.820039 0.329014 0.023078 0.038231
31 0.847786 0.386097 0.021615 0.035639
27 0.844688 0.508306 0.031333 0.045704
30 0.897721 0.376495 0.017120 0.028435
