20 0.396083 0.530375 0.019302 0.078935
19 0.068187 0.574759 0.018188 0.089074
1 0.229161 0.347389 0.016250 0.021222
17 0.242354 0.645653 0.033437 0.048083
15 0.236747 0.467148 0.028776 0.045056
25 0.661698 0.354208 0.026719 0.049194
26 0.742013 0.416875 0.024901 0.050528
38 0.744812 0.469477 0.042479 0.031824
21 0.755984 0.295657 0.022240 0.038148
24 0.830742 0.336259 0.023078 0.038222
31 0.857474 0.393796 0.021615 0.035630
27 0.858190 0.517829 0.030807 0.058380
30 0.911737 0.383292 0.017120 0.028435
