20 0.394336 0.525718 0.019307 0.078935
19 0.068479 0.568801 0.018188 0.089065
1 0.226536 0.344546 0.016250 0.022778
17 0.241044 0.640477 0.033432 0.048083
15 0.233107 0.464815 0.028776 0.044000
25 0.660974 0.353171 0.026719 0.049194
26 0.735604 0.412736 0.024906 0.050528
38 0.738984 0.463523 0.042479 0.031824
21 0.750599 0.292287 0.022240 0.038148
24 0.824625 0.332116 0.023083 0.038231
31 0.851938 0.389398 0.021615 0.035630
27 0.850474 0.512384 0.031104 0.051139
30 0.903727 0.379407 0.017120 0.028444
