20 0.395208 0.528046 0.019302 0.078944
19 0.068333 0.571782 0.018188 0.089065
1 0.227849 0.345963 0.016250 0.022000
17 0.241698 0.643069 0.033438 0.048083
15 0.234927 0.465981 0.028771 0.044519
25 0.661336 0.353690 0.026714 0.049194
26 0.738807 0.414810 0.024906 0.050528
38 0.741898 0.466495 0.042484 0.031824
21 0.753292 0.293972 0.022240 0.038148
24 0.827685 0.334190 0.023078 0.038231
31 0.854708 0.391602 0.021615 0.035630
27 0.854333 0.515111 0.030958 0.054759
30 0.907732 0.381347 0.017120 0.028435
