20 0.430378 0.553546 0.019307 0.078944
19 0.095482 0.590704 0.018182 0.089074
1 0.259672 0.359435 0.016250 0.020833
17 0.271747 0.667773 0.033432 0.048083
15 0.264539 0.482403 0.028776 0.045306
25 0.715563 0.371801 0.026719 0.049194
26 0.790138 0.434819 0.024901 0.050528
38 0.790078 0.487218 0.042479 0.031824
21 0.809010 0.306384 0.022365 0.039231
24 0.884826 0.354773 0.023078 0.038231
31 0.911448 0.411815 0.021615 0.035630
27 0.919315 0.543523 0.030734 0.060194
30 0.969693 0.407736 0.017115 0.028435
