20 0.427831 0.553546 0.019307 0.078944
19 0.093234 0.591134 0.018187 0.089065
1 0.257120 0.359759 0.016250 0.020833
17 0.269622 0.667662 0.033432 0.048083
15 0.262414 0.482620 0.028776 0.045315
25 0.712125 0.371944 0.026719 0.049185
26 0.786214 0.434097 0.024906 0.050528
38 0.788135 0.489736 0.042479 0.031824
21 0.805026 0.306204 0.022240 0.038148
24 0.883971 0.356065 0.023078 0.038222
31 0.908813 0.411796 0.021615 0.035630
27 0.914727 0.542495 0.030734 0.060194
30 0.967029 0.406620 0.017120 0.028444
