20 0.393461 0.523384 0.019307 0.078935
19 0.068622 0.565829 0.018182 0.089065
1 0.225229 0.343120 0.016250 0.023556
17 0.240388 0.637894 0.033432 0.048083
15 0.231286 0.463648 0.028771 0.043481
25 0.660609 0.352653 0.026719 0.049194
26 0.732401 0.410662 0.024906 0.050528
38 0.736073 0.460542 0.042479 0.031824
21 0.747906 0.290611 0.022240 0.038148
24 0.821568 0.330046 0.023083 0.038222
31 0.849172 0.387194 0.021615 0.035630
27 0.846617 0.509667 0.031255 0.047519
30 0.899721 0.377468 0.017120 0.028435
