20 0.407479 0.539245 0.019302 0.078935
19 0.076906 0.581458 0.018188 0.089065
1 0.239370 0.352176 0.016250 0.020833
17 0.252112 0.654199 0.033432 0.048083
15 0.246323 0.472940 0.028771 0.045306
25 0.679469 0.360583 0.026719 0.049185
26 0.758523 0.423579 0.024901 0.050528
38 0.760922 0.477532 0.042479 0.031824
21 0.774026 0.299898 0.022240 0.038148
24 0.850367 0.343866 0.023078 0.038231
31 0.876016 0.402750 0.021615 0.035630
27 0.874898 0.527644 0.030734 0.060194
30 0.932391 0.392088 0.017115 0.028435
