20 0.394773 0.526880 0.019307 0.078944
19 0.068406 0.570292 0.018188 0.089065
1 0.227193 0.345259 0.016250 0.022389
17 0.241370 0.641773 0.033437 0.048083
15 0.234018 0.465398 0.028776 0.044259
25 0.661156 0.353431 0.026719 0.049194
26 0.737208 0.413773 0.024906 0.050528
38 0.740443 0.465009 0.042479 0.031815
21 0.751948 0.293130 0.022240 0.038148
24 0.826154 0.333153 0.023078 0.038231
31 0.853323 0.390500 0.021615 0.035630
27 0.852404 0.513745 0.031036 0.052954
30 0.905729 0.380375 0.017115 0.028435
