20 0.393898 0.524551 0.019307 0.078935
19 0.068552 0.567315 0.018188 0.089074
1 0.225885 0.343833 0.016250 0.023167
17 0.240716 0.639181 0.033432 0.048083
15 0.232195 0.464231 0.028776 0.043741
25 0.660792 0.352912 0.026719 0.049194
26 0.734003 0.411699 0.024901 0.050528
38 0.737531 0.462032 0.042479 0.031824
21 0.749250 0.291454 0.022240 0.038148
24 0.823096 0.331083 0.023078 0.038222
31 0.850557 0.388296 0.021615 0.035630
27 0.848544 0.511028 0.031182 0.049333
30 0.901727 0.378435 0.017120 0.028444
