20 0.418437 0.546944 0.019302 0.078944
19 0.085698 0.586667 0.018187 0.089074
1 0.248932 0.356259 0.016250 0.020833
17 0.261539 0.661449 0.033432 0.048083
15 0.254987 0.478153 0.028776 0.045306
25 0.697052 0.366699 0.026719 0.049194
26 0.773432 0.429245 0.024906 0.050528
38 0.775573 0.484106 0.042479 0.031824
21 0.790719 0.303296 0.022240 0.038148
24 0.868461 0.350435 0.023078 0.038222
31 0.893177 0.410606 0.021615 0.035639
27 0.889680 0.536106 0.030734 0.060194
30 0.951042 0.399912 0.017115 0.028435
