20 0.392586 0.521056 0.019307 0.078944
19 0.068768 0.562847 0.018182 0.089065
1 0.223917 0.341694 0.016250 0.024333
17 0.239732 0.635301 0.033432 0.048083
15 0.229466 0.462481 0.028776 0.042963
25 0.660245 0.352134 0.026719 0.049194
26 0.729198 0.408588 0.024906 0.050528
38 0.733161 0.457565 0.042479 0.031815
21 0.745208 0.288926 0.022240 0.038148
24 0.818508 0.327977 0.023078 0.038231
31 0.846406 0.385000 0.021615 0.035630
27 0.842760 0.506949 0.031406 0.043898
30 0.895716 0.375523 0.017120 0.028435
