20 0.409044 0.540343 0.019307 0.078944
19 0.078161 0.582199 0.018187 0.089065
1 0.240740 0.352759 0.016250 0.020833
17 0.253458 0.655236 0.033437 0.048083
15 0.247560 0.473685 0.028776 0.045315
25 0.681979 0.361458 0.026719 0.049194
26 0.760654 0.424384 0.024901 0.050528
38 0.763016 0.478472 0.042479 0.031815
21 0.776411 0.300380 0.022240 0.038148
24 0.852951 0.344801 0.023078 0.038231
31 0.878469 0.403875 0.021615 0.035639
27 0.877010 0.528856 0.030729 0.060194
30 0.935055 0.393204 0.017120 0.028444
