20 0.391240 0.518792 0.019302 0.078935
19 0.068841 0.560194 0.018182 0.089074
1 0.222969 0.340019 0.016250 0.024722
17 0.238930 0.632773 0.033432 0.048083
15 0.228482 0.460991 0.028776 0.042704
25 0.658714 0.350778 0.026719 0.049185
26 0.726247 0.406458 0.024901 0.050528
38 0.730943 0.455625 0.042479 0.031824
21 0.742589 0.287306 0.022240 0.038148
24 0.815341 0.326227 0.023078 0.038231
31 0.843057 0.382926 0.021615 0.035630
27 0.839411 0.504356 0.031479 0.042083
30 0.892112 0.373454 0.017120 0.028444
