20 0.401216 0.534843 0.019307 0.078944
19 0.071883 0.578481 0.018182 0.089074
1 0.233911 0.349852 0.016250 0.020833
17 0.246724 0.650060 0.033437 0.048083
15 0.241372 0.469968 0.028776 0.045306
25 0.669417 0.357088 0.026719 0.049194
26 0.750005 0.420343 0.024906 0.050537
38 0.752547 0.473782 0.042479 0.031824
21 0.764490 0.297954 0.022240 0.038148
24 0.840026 0.340111 0.023083 0.038222
31 0.866208 0.398269 0.021615 0.035630
27 0.866451 0.522810 0.030734 0.060194
30 0.921732 0.387616 0.017120 0.028435
