20 0.390331 0.517690 0.019307 0.078935
19 0.068841 0.559032 0.018182 0.089065
1 0.222677 0.339046 0.016250 0.024722
17 0.238458 0.631551 0.033437 0.048083
15 0.228409 0.460088 0.028776 0.042694
25 0.657370 0.349676 0.026719 0.049185
26 0.724901 0.405356 0.024906 0.050528
38 0.730177 0.455171 0.042479 0.031824
21 0.741313 0.286528 0.022240 0.038148
24 0.813703 0.325519 0.023083 0.038222
31 0.841089 0.381954 0.021615 0.035630
27 0.837990 0.503125 0.031479 0.042083
30 0.890513 0.372352 0.017120 0.028444
