20 0.421570 0.549144 0.019307 0.078935
19 0.088211 0.588157 0.018182 0.089074
1 0.251661 0.357426 0.016250 0.020833
17 0.264234 0.663523 0.033437 0.048083
15 0.257466 0.479644 0.028776 0.045306
25 0.702078 0.368449 0.026719 0.049194
26 0.777693 0.430856 0.024906 0.050528
38 0.779760 0.485981 0.042479 0.031815
21 0.795490 0.304259 0.022240 0.038148
24 0.873630 0.352310 0.023083 0.038231
31 0.898266 0.411741 0.021615 0.035630
27 0.896378 0.538347 0.030734 0.060194
30 0.956372 0.402148 0.017120 0.028444
