20 0.391695 0.519338 0.019307 0.078935
19 0.068841 0.560778 0.018182 0.089074
1 0.223115 0.340500 0.016250 0.024722
17 0.239167 0.633394 0.033437 0.048083
15 0.228518 0.461444 0.028776 0.042704
25 0.659385 0.351329 0.026719 0.049194
26 0.726922 0.407005 0.024906 0.050528
38 0.731323 0.455847 0.042479 0.031824
21 0.743224 0.287694 0.022240 0.038148
24 0.816159 0.326583 0.023078 0.038222
31 0.844036 0.383412 0.021615 0.035639
27 0.840120 0.504968 0.031479 0.042083
30 0.892914 0.374005 0.017120 0.028435
