20 0.432927 0.553542 0.019302 0.078935
19 0.097727 0.590273 0.018182 0.089065
1 0.262219 0.359111 0.016250 0.020833
17 0.273870 0.667884 0.033437 0.048083
15 0.266664 0.482190 0.028776 0.045306
25 0.719000 0.371657 0.026719 0.049185
26 0.794063 0.435532 0.024906 0.050528
38 0.792018 0.484704 0.042484 0.031815
21 0.812995 0.306565 0.022479 0.040315
24 0.885680 0.353477 0.023078 0.038231
31 0.914089 0.411824 0.021615 0.035630
27 0.923904 0.544560 0.030734 0.060194
30 0.972357 0.408856 0.017120 0.028435
