20 0.405914 0.538144 0.019307 0.078935
19 0.075651 0.580713 0.018188 0.089074
1 0.238005 0.351597 0.016250 0.020824
17 0.250763 0.653162 0.033432 0.048083
15 0.245086 0.472199 0.028776 0.045306
25 0.676953 0.359708 0.026719 0.049194
26 0.756396 0.422773 0.024906 0.050528
38 0.758828 0.476597 0.042479 0.031824
21 0.771641 0.299407 0.022240 0.038148
24 0.847781 0.342926 0.023083 0.038222
31 0.873563 0.401630 0.021615 0.035630
27 0.872789 0.526440 0.030734 0.060194
30 0.929727 0.390968 0.017120 0.028435
