20 0.395646 0.529208 0.019302 0.078935
19 0.068260 0.573269 0.018188 0.089074
1 0.228505 0.346676 0.016250 0.021611
17 0.242026 0.644366 0.033438 0.048083
15 0.235836 0.466569 0.028776 0.044787
25 0.661516 0.353949 0.026719 0.049194
26 0.740411 0.415843 0.024906 0.050537
38 0.743354 0.467986 0.042479 0.031824
21 0.754641 0.294815 0.022240 0.038148
24 0.829214 0.335227 0.023083 0.038231
31 0.856089 0.392699 0.021615 0.035639
27 0.856260 0.516468 0.030885 0.056565
30 0.909734 0.382319 0.017115 0.028435
