20 0.384870 0.511088 0.019302 0.078935
19 0.068841 0.552042 0.018182 0.089065
1 0.220932 0.333213 0.016250 0.024722
17 0.235617 0.624171 0.033432 0.048083
15 0.227971 0.454648 0.028776 0.042704
25 0.649286 0.343079 0.026719 0.049194
26 0.716818 0.398755 0.024906 0.050528
38 0.725589 0.452454 0.042479 0.031815
21 0.733672 0.281870 0.022240 0.038148
24 0.803872 0.321245 0.023078 0.038231
31 0.829292 0.376130 0.021615 0.035630
27 0.829474 0.495745 0.031479 0.042083
30 0.880898 0.365750 0.017120 0.028444
28 0.982083 0.631648 0.027094 0.050481
