20 0.378529 0.493736 0.019307 0.078935
19 0.069547 0.540097 0.018188 0.089065
1 0.217057 0.324167 0.016250 0.024722
17 0.234424 0.608551 0.033432 0.048083
15 0.224768 0.440713 0.028776 0.042704
25 0.634057 0.329389 0.026719 0.049185
26 0.698888 0.383657 0.024005 0.040815
38 0.706807 0.437875 0.042479 0.031824
21 0.712432 0.267806 0.022240 0.038148
24 0.782633 0.307741 0.023078 0.038222
31 0.805760 0.358167 0.021615 0.035630
27 0.808247 0.476079 0.031484 0.042083
30 0.858341 0.351606 0.017120 0.028435
28 0.956417 0.610532 0.027094 0.050491
32 0.967047 0.467940 0.021250 0.041528
