20 0.382776 0.506949 0.019302 0.078935
19 0.068911 0.548778 0.018188 0.089074
1 0.220031 0.330583 0.016250 0.024722
17 0.234852 0.620255 0.033432 0.048083
15 0.227531 0.451662 0.028771 0.042694
25 0.646589 0.339579 0.026719 0.049194
26 0.712164 0.394611 0.024630 0.047611
38 0.721000 0.450384 0.042479 0.031824
21 0.728573 0.277241 0.022240 0.038148
24 0.798138 0.317556 0.023078 0.038222
31 0.823719 0.371435 0.021615 0.035630
27 0.824177 0.491190 0.031479 0.042083
30 0.875331 0.361931 0.017120 0.028435
28 0.976990 0.625796 0.027094 0.050481
32 0.986919 0.481644 0.021245 0.041528
