20 0.379732 0.496634 0.019307 0.078935
19 0.069388 0.542264 0.018182 0.089065
1 0.217802 0.325773 0.016250 0.024731
17 0.234708 0.611319 0.033437 0.048083
15 0.225461 0.443454 0.028776 0.042704
25 0.638234 0.331778 0.026719 0.049185
26 0.701789 0.385796 0.024005 0.040815
38 0.708401 0.440333 0.042479 0.031815
21 0.715833 0.268556 0.022240 0.038148
24 0.785891 0.309250 0.023083 0.038222
31 0.809156 0.360806 0.021615 0.035630
27 0.811646 0.479477 0.031479 0.042083
30 0.862164 0.354056 0.017120 0.028444
28 0.960667 0.614120 0.027094 0.050481
32 0.970443 0.471338 0.021250 0.041528
