20 0.372008 0.488940 0.019307 0.078935
19 0.066141 0.536926 0.018187 0.089074
1 0.212490 0.324370 0.016250 0.024722
17 0.230383 0.600972 0.033432 0.048074
15 0.219422 0.437574 0.028771 0.042704
25 0.624016 0.324426 0.026719 0.049185
26 0.685596 0.380153 0.024005 0.040806
38 0.696143 0.434079 0.042484 0.031824
21 0.698901 0.263917 0.022240 0.038148
24 0.767466 0.307310 0.023078 0.038231
31 0.790344 0.353634 0.021615 0.035639
27 0.790167 0.468153 0.031479 0.042083
30 0.842805 0.350718 0.017120 0.028435
28 0.940703 0.599125 0.027094 0.050491
32 0.948357 0.461519 0.021245 0.041537
