20 0.373919 0.488130 0.019307 0.078944
19 0.066914 0.537009 0.018182 0.089074
1 0.213266 0.323880 0.016250 0.024722
17 0.230411 0.601963 0.033437 0.048074
15 0.220378 0.437491 0.028776 0.042704
25 0.625016 0.324829 0.026719 0.049194
26 0.687648 0.380315 0.024005 0.040815
38 0.698055 0.433755 0.042484 0.031824
21 0.700542 0.263269 0.022240 0.038148
24 0.770013 0.306986 0.023078 0.038231
31 0.792714 0.353880 0.021615 0.035630
27 0.794078 0.467181 0.031479 0.042083
30 0.845081 0.350231 0.017120 0.028444
28 0.943161 0.598963 0.027094 0.050481
32 0.950448 0.461032 0.021250 0.041528
