20 0.378013 0.492495 0.019307 0.078935
19 0.069615 0.539162 0.018188 0.089065
1 0.216740 0.323481 0.016250 0.024722
17 0.234305 0.607361 0.033432 0.048074
15 0.224474 0.439542 0.028771 0.042694
25 0.632271 0.328366 0.026719 0.049194
26 0.697643 0.382741 0.024005 0.040815
38 0.706125 0.436829 0.042479 0.031824
21 0.710977 0.267481 0.022245 0.038148
24 0.781237 0.307093 0.023078 0.038222
31 0.804302 0.357032 0.021615 0.035639
27 0.806792 0.474625 0.031479 0.042083
30 0.856703 0.350551 0.017115 0.028435
28 0.954599 0.608995 0.027094 0.050491
32 0.965589 0.466481 0.021250 0.041537
