20 0.375161 0.488398 0.019302 0.078944
19 0.067818 0.537102 0.018187 0.089074
1 0.214167 0.323315 0.016250 0.024722
17 0.231331 0.602968 0.033432 0.048083
15 0.221492 0.437398 0.028776 0.042704
25 0.626188 0.325301 0.026719 0.049194
26 0.690034 0.380505 0.024005 0.040806
38 0.700208 0.433912 0.042479 0.031824
21 0.702833 0.264000 0.022240 0.038148
24 0.772758 0.306606 0.023078 0.038231
31 0.795474 0.354157 0.021615 0.035630
27 0.797510 0.468074 0.031479 0.042093
30 0.847737 0.349662 0.017120 0.028435
28 0.945724 0.600662 0.027094 0.050491
32 0.954031 0.461546 0.021250 0.041537
