20 0.389875 0.517139 0.019302 0.078944
19 0.068841 0.558449 0.018182 0.089065
1 0.222536 0.338556 0.016250 0.024722
17 0.238221 0.630931 0.033432 0.048083
15 0.228372 0.459634 0.028776 0.042694
25 0.656693 0.349125 0.026719 0.049194
26 0.724227 0.404806 0.024901 0.050537
38 0.729794 0.454944 0.042484 0.031815
21 0.740677 0.286139 0.022240 0.038148
24 0.812883 0.325162 0.023078 0.038231
31 0.840104 0.381472 0.021615 0.035630
27 0.837281 0.502514 0.031479 0.042083
30 0.889711 0.371801 0.017120 0.028435
