20 0.378185 0.492912 0.019307 0.078935
19 0.069591 0.539477 0.018182 0.089065
1 0.216844 0.323713 0.016250 0.024722
17 0.234344 0.607755 0.033438 0.048083
15 0.224573 0.439935 0.028771 0.042704
25 0.632865 0.328704 0.026719 0.049185
26 0.698055 0.383046 0.024005 0.040815
38 0.706354 0.437176 0.042479 0.031815
21 0.711464 0.267583 0.022240 0.038148
24 0.781703 0.307310 0.023083 0.038231
31 0.804786 0.357407 0.021615 0.035630
27 0.807276 0.475116 0.031479 0.042083
30 0.857247 0.350903 0.017120 0.028435
28 0.955203 0.609509 0.027094 0.050481
32 0.966076 0.466968 0.021245 0.041528
