20 0.381797 0.501597 0.019302 0.078935
19 0.069115 0.545986 0.018188 0.089065
1 0.219078 0.328528 0.016250 0.024722
17 0.235195 0.616060 0.033432 0.048083
15 0.226643 0.448144 0.028776 0.042694
25 0.645396 0.335875 0.026719 0.049194
26 0.706763 0.389468 0.024005 0.040806
38 0.712953 0.446481 0.042479 0.031815
21 0.721656 0.269852 0.022240 0.038148
24 0.791471 0.311838 0.023078 0.038231
31 0.818135 0.364477 0.021615 0.035639
27 0.817469 0.485306 0.031479 0.042093
30 0.868716 0.357616 0.017120 0.028435
28 0.970130 0.619194 0.027094 0.050481
32 0.979424 0.475440 0.021245 0.041528
