20 0.381969 0.502005 0.019302 0.078935
19 0.069091 0.546301 0.018182 0.089065
1 0.219182 0.328750 0.016250 0.024722
17 0.235237 0.616458 0.033432 0.048083
15 0.226742 0.448537 0.028776 0.042704
25 0.645995 0.336218 0.026719 0.049194
26 0.707180 0.389773 0.024005 0.040806
38 0.713411 0.447074 0.042479 0.031815
21 0.722141 0.269963 0.022240 0.038148
24 0.791937 0.312056 0.023083 0.038222
31 0.819016 0.364750 0.021615 0.035630
27 0.817958 0.485792 0.031479 0.042083
30 0.869263 0.357889 0.017120 0.028444
28 0.971010 0.619569 0.027094 0.050491
32 0.980305 0.475708 0.021245 0.041528
