20 0.375891 0.489042 0.019302 0.078935
19 0.068591 0.537181 0.018182 0.089065
1 0.214943 0.322833 0.016250 0.024722
17 0.232422 0.603773 0.033438 0.048083
15 0.222451 0.437315 0.028776 0.042704
25 0.627187 0.325708 0.026719 0.049194
26 0.692081 0.380667 0.024005 0.040815
38 0.702031 0.434236 0.042479 0.031824
21 0.704927 0.265130 0.022240 0.038148
24 0.775034 0.306282 0.023078 0.038231
31 0.797839 0.354403 0.021615 0.035639
27 0.800057 0.469532 0.031479 0.042083
30 0.850013 0.349181 0.017120 0.028435
28 0.947818 0.602764 0.027094 0.050491
32 0.957490 0.462356 0.021250 0.041528
