20 0.380422 0.498282 0.019302 0.078935
19 0.069297 0.543505 0.018187 0.089065
1 0.218224 0.326690 0.016250 0.024731
17 0.234872 0.612903 0.033432 0.048083
15 0.225857 0.445019 0.028776 0.042704
25 0.640625 0.333144 0.026719 0.049194
26 0.703445 0.387023 0.024005 0.040806
38 0.709313 0.441736 0.042479 0.031824
21 0.717771 0.268991 0.022240 0.038148
24 0.787753 0.310116 0.023078 0.038231
31 0.811099 0.362315 0.021615 0.035630
27 0.813589 0.481421 0.031479 0.042083
30 0.864346 0.355458 0.017120 0.028435
28 0.963094 0.616171 0.027094 0.050491
32 0.972385 0.473278 0.021250 0.041537
