20 0.436995 0.441042 0.019302 0.078935
19 0.108854 0.481722 0.018188 0.089074
1 0.264841 0.249361 0.019286 0.031778
17 0.278341 0.554875 0.033432 0.048083
15 0.270638 0.374111 0.028776 0.042704
25 0.720422 0.262181 0.026719 0.049194
26 0.795003 0.327935 0.024005 0.040815
38 0.797573 0.379995 0.042479 0.031824
21 0.812865 0.192806 0.022240 0.038148
24 0.889081 0.249949 0.023078 0.038231
31 0.918786 0.304093 0.021615 0.035630
27 0.914755 0.434875 0.031479 0.042083
30 0.977029 0.296829 0.017057 0.028435
