20 0.364440 0.492301 0.019307 0.078935
19 0.064479 0.534375 0.018187 0.089065
1 0.208792 0.324815 0.016250 0.024722
17 0.230276 0.597171 0.033438 0.048083
15 0.214966 0.434856 0.028776 0.042694
25 0.617057 0.323444 0.026719 0.049185
26 0.683919 0.377167 0.024005 0.040815
38 0.687294 0.428931 0.042484 0.031824
21 0.698620 0.260509 0.022240 0.038148
24 0.760690 0.304435 0.023078 0.038222
31 0.788193 0.353819 0.021615 0.035639
27 0.786943 0.468255 0.031479 0.042083
30 0.836341 0.350069 0.017120 0.028435
28 0.931734 0.596676 0.027094 0.050481
32 0.939187 0.461273 0.021250 0.041528
