20 0.444641 0.435000 0.019302 0.078944
19 0.112570 0.473792 0.018182 0.089065
1 0.267602 0.238787 0.019286 0.031778
17 0.282375 0.548079 0.033437 0.048083
15 0.275310 0.366935 0.028776 0.042704
25 0.734651 0.255384 0.026719 0.049194
26 0.808169 0.318875 0.024005 0.040806
38 0.809891 0.369046 0.042479 0.031815
21 0.831552 0.183361 0.022240 0.038148
24 0.912169 0.237704 0.023078 0.038222
31 0.939510 0.298000 0.021615 0.035630
27 0.933656 0.432616 0.031479 0.042083
30 0.983576 0.295319 0.016797 0.028435
