20 0.443003 0.436292 0.019307 0.078935
19 0.111773 0.475491 0.018182 0.089074
1 0.267010 0.241056 0.019281 0.031778
17 0.281510 0.549537 0.033438 0.048074
15 0.274310 0.368472 0.028776 0.042704
25 0.731604 0.256843 0.026719 0.049185
26 0.805346 0.320815 0.024005 0.040815
38 0.807250 0.371394 0.042479 0.031824
21 0.827547 0.185389 0.022240 0.038148
24 0.909211 0.240537 0.023078 0.038222
31 0.936823 0.298889 0.021615 0.035630
27 0.929609 0.433097 0.031479 0.042083
30 0.988487 0.294190 0.016609 0.028435
