20 0.400839 0.465931 0.019302 0.078935
19 0.088740 0.512403 0.018188 0.089065
1 0.237990 0.293741 0.016250 0.024722
17 0.251948 0.582875 0.033438 0.048083
15 0.245552 0.411259 0.028771 0.042704
25 0.667250 0.303551 0.026719 0.049194
26 0.730198 0.354852 0.024000 0.040815
38 0.736068 0.410787 0.042479 0.031815
21 0.749661 0.234361 0.022240 0.038148
24 0.821195 0.283093 0.023078 0.038222
31 0.847417 0.335403 0.021615 0.035639
27 0.844172 0.454079 0.031479 0.042083
30 0.898721 0.330273 0.017120 0.028435
