20 0.376453 0.477616 0.019302 0.078935
19 0.064242 0.529380 0.018182 0.089074
1 0.214609 0.312713 0.016250 0.024722
17 0.230169 0.593375 0.033432 0.048083
15 0.222719 0.421509 0.028771 0.042704
25 0.639182 0.315616 0.026719 0.049194
26 0.699633 0.367824 0.024005 0.040815
38 0.707849 0.421421 0.042479 0.031824
21 0.716333 0.247685 0.022240 0.038148
24 0.785503 0.296764 0.023078 0.038231
31 0.811323 0.346269 0.021615 0.035630
27 0.808281 0.462144 0.031479 0.042083
30 0.861844 0.341843 0.017115 0.028444
28 0.962156 0.595523 0.027094 0.050491
32 0.966922 0.459787 0.021250 0.041537
