20 0.426951 0.450144 0.019307 0.078935
19 0.104352 0.490958 0.018182 0.089065
1 0.258805 0.262282 0.019286 0.031769
17 0.272893 0.560755 0.033432 0.048083
15 0.264086 0.385681 0.028776 0.042694
25 0.703172 0.273995 0.026719 0.049194
26 0.775555 0.337755 0.024005 0.040806
38 0.778490 0.388060 0.042479 0.031824
21 0.793042 0.206713 0.022240 0.038148
24 0.867341 0.261032 0.023078 0.038231
31 0.897411 0.315125 0.021615 0.035639
27 0.892099 0.442569 0.031479 0.042083
30 0.953242 0.307727 0.017120 0.028435
