20 0.366180 0.489764 0.019307 0.078935
19 0.064417 0.533069 0.018187 0.089065
1 0.208703 0.323366 0.016250 0.024731
17 0.230247 0.596181 0.033432 0.048083
15 0.214956 0.432519 0.028776 0.042704
25 0.618000 0.322903 0.026719 0.049194
26 0.685237 0.375718 0.024005 0.040806
38 0.686505 0.426255 0.042479 0.031824
21 0.700250 0.257944 0.022240 0.038148
24 0.762542 0.303185 0.023083 0.038222
31 0.790609 0.353292 0.021615 0.035639
27 0.789453 0.467255 0.031479 0.042083
30 0.838188 0.348958 0.017115 0.028435
28 0.933047 0.596213 0.027094 0.050481
32 0.939909 0.460764 0.021245 0.041528
