20 0.366143 0.491509 0.019307 0.078944
19 0.064531 0.535463 0.018188 0.089074
1 0.209771 0.325051 0.016250 0.024731
17 0.230299 0.598005 0.033432 0.048083
15 0.216122 0.436167 0.028776 0.042704
25 0.619312 0.323523 0.026719 0.049194
26 0.682820 0.378380 0.024005 0.040815
38 0.689578 0.431565 0.042479 0.031815
21 0.697260 0.262648 0.022240 0.038148
24 0.761453 0.306037 0.023083 0.038222
31 0.787021 0.353519 0.021615 0.035630
27 0.784849 0.469097 0.031479 0.042083
30 0.837211 0.350801 0.017120 0.028435
28 0.933578 0.597935 0.027094 0.050481
32 0.941453 0.461829 0.021250 0.041528
