20 0.414859 0.461181 0.019302 0.078935
19 0.098961 0.501995 0.018182 0.089065
1 0.248187 0.280375 0.017010 0.026491
17 0.263867 0.569792 0.033432 0.048083
15 0.254224 0.402000 0.028771 0.042704
25 0.682615 0.290986 0.026719 0.049194
26 0.750904 0.352991 0.024005 0.040815
38 0.753687 0.401417 0.042479 0.031815
21 0.769516 0.223556 0.022240 0.038148
24 0.841930 0.274921 0.023078 0.038231
31 0.868286 0.328065 0.021615 0.035630
27 0.864979 0.452153 0.031479 0.042083
30 0.926544 0.320671 0.017120 0.028435
