20 0.446279 0.433708 0.019307 0.078935
19 0.113367 0.472093 0.018182 0.089074
1 0.268195 0.236523 0.019286 0.031769
17 0.283240 0.546625 0.033437 0.048083
15 0.276310 0.365398 0.028776 0.042704
25 0.737698 0.253931 0.026719 0.049194
26 0.810992 0.316935 0.024005 0.040815
38 0.812531 0.366699 0.042479 0.031824
21 0.835557 0.181343 0.022240 0.038148
24 0.915128 0.234875 0.023078 0.038231
31 0.942193 0.297106 0.021615 0.035639
27 0.937708 0.432125 0.031479 0.042083
30 0.978664 0.296454 0.016995 0.028444
