20 0.443549 0.435866 0.019307 0.078935
19 0.112039 0.474921 0.018182 0.089065
1 0.267208 0.240301 0.019281 0.031769
17 0.281797 0.549051 0.033437 0.048083
15 0.274643 0.367963 0.028776 0.042704
25 0.732620 0.256356 0.026719 0.049194
26 0.806289 0.320167 0.024005 0.040815
38 0.808130 0.370611 0.042479 0.031815
21 0.828885 0.184713 0.022240 0.038148
24 0.910195 0.239593 0.023078 0.038222
31 0.937719 0.298593 0.021615 0.035630
27 0.930958 0.432940 0.031479 0.042083
30 0.986849 0.294565 0.016677 0.028444
