20 0.441909 0.437157 0.019307 0.078944
19 0.111242 0.476625 0.018182 0.089065
1 0.266617 0.242565 0.019286 0.031778
17 0.280932 0.550505 0.033437 0.048083
15 0.273643 0.369500 0.028776 0.042704
25 0.729568 0.257815 0.026719 0.049185
26 0.803466 0.322111 0.024005 0.040815
38 0.805492 0.372958 0.042484 0.031824
21 0.824880 0.186731 0.022240 0.038148
24 0.907237 0.242426 0.023078 0.038222
31 0.935036 0.299481 0.021615 0.035630
27 0.926906 0.433421 0.031479 0.042083
30 0.991760 0.293431 0.016479 0.028435
