20 0.416586 0.459606 0.019307 0.078935
19 0.099732 0.500421 0.018182 0.089065
1 0.250461 0.275662 0.018526 0.030009
17 0.266448 0.567366 0.033437 0.048083
15 0.256654 0.398491 0.028776 0.042704
25 0.685500 0.287208 0.026719 0.049194
26 0.755003 0.348949 0.024005 0.040806
38 0.758083 0.397366 0.042479 0.031824
21 0.772880 0.221148 0.022240 0.038148
24 0.845724 0.272495 0.023083 0.038231
31 0.874656 0.326454 0.021615 0.035630
27 0.868854 0.450782 0.031479 0.042083
30 0.929576 0.319056 0.017120 0.028444
