20 0.440271 0.438449 0.019302 0.078935
19 0.110448 0.478324 0.018188 0.089074
1 0.266026 0.244829 0.019281 0.031769
17 0.280068 0.551968 0.033438 0.048083
15 0.272643 0.371037 0.028776 0.042704
25 0.726521 0.259269 0.026719 0.049185
26 0.800646 0.324056 0.024000 0.040815
38 0.802854 0.375306 0.042479 0.031815
21 0.820875 0.188759 0.022240 0.038148
24 0.901185 0.244931 0.023078 0.038231
31 0.929620 0.301019 0.021615 0.035630
27 0.922857 0.433907 0.031484 0.042093
30 0.986849 0.294565 0.016677 0.028444
