20 0.428677 0.448569 0.019302 0.078935
19 0.105122 0.489384 0.018182 0.089065
1 0.259867 0.260069 0.019286 0.031769
17 0.273831 0.559773 0.033432 0.048083
15 0.265216 0.383671 0.028776 0.042694
25 0.706125 0.271935 0.026719 0.049185
26 0.778919 0.336088 0.024005 0.040806
38 0.781799 0.386736 0.042484 0.031824
21 0.796406 0.204306 0.022240 0.038148
24 0.870927 0.259167 0.023083 0.038222
31 0.900969 0.313213 0.021615 0.035630
27 0.895974 0.441199 0.031479 0.042083
30 0.957268 0.305815 0.017120 0.028444
