20 0.406471 0.463699 0.019307 0.078935
19 0.093721 0.508394 0.018182 0.089065
1 0.242682 0.289204 0.016250 0.024722
17 0.256753 0.579208 0.033432 0.048083
15 0.249854 0.408500 0.028771 0.042704
25 0.672193 0.300644 0.026719 0.049194
26 0.737690 0.353287 0.024005 0.040815
38 0.742750 0.407755 0.042479 0.031824
21 0.757401 0.230806 0.022240 0.038148
24 0.829357 0.280019 0.023078 0.038222
31 0.855396 0.332759 0.021615 0.035630
27 0.852365 0.452838 0.031479 0.042083
30 0.908521 0.327093 0.017115 0.028444
