20 0.365122 0.491986 0.019307 0.078935
19 0.064500 0.534810 0.018188 0.089065
1 0.209182 0.324907 0.016250 0.024722
17 0.230286 0.597505 0.033437 0.048083
15 0.215430 0.435380 0.028776 0.042704
25 0.617958 0.323477 0.026719 0.049194
26 0.683482 0.377653 0.024005 0.040806
38 0.688208 0.429986 0.042479 0.031824
21 0.698078 0.261361 0.022240 0.038148
24 0.760997 0.305074 0.023078 0.038222
31 0.787724 0.353699 0.021615 0.035639
27 0.786104 0.468588 0.031479 0.042083
30 0.836690 0.350361 0.017120 0.028444
28 0.932474 0.597181 0.027094 0.050491
32 0.940094 0.461495 0.021250 0.041528
