20 0.408352 0.463264 0.019307 0.078935
19 0.094935 0.506991 0.018182 0.089074
1 0.243771 0.287583 0.016250 0.024722
17 0.258211 0.577153 0.033432 0.048083
15 0.250643 0.407310 0.028776 0.042694
25 0.674438 0.298699 0.026719 0.049194
26 0.740482 0.353722 0.024005 0.040815
38 0.744932 0.406676 0.042479 0.031815
21 0.760010 0.229287 0.022240 0.038148
24 0.832026 0.279046 0.023083 0.038222
31 0.857823 0.331787 0.021615 0.035630
27 0.855031 0.452838 0.031479 0.042083
30 0.912648 0.325690 0.017120 0.028435
