20 0.427815 0.449356 0.019307 0.078935
19 0.104737 0.490171 0.018182 0.089065
1 0.259336 0.261176 0.019286 0.031778
17 0.273362 0.560264 0.033432 0.048083
15 0.264654 0.384676 0.028776 0.042704
25 0.704651 0.272968 0.026719 0.049194
26 0.777237 0.336921 0.024005 0.040806
38 0.780146 0.387403 0.042479 0.031824
21 0.794724 0.205509 0.022240 0.038148
24 0.869133 0.260102 0.023078 0.038222
31 0.899193 0.314167 0.021615 0.035630
27 0.894036 0.441884 0.031479 0.042083
30 0.955255 0.306773 0.017115 0.028435
