20 0.445732 0.434134 0.019307 0.078935
19 0.113102 0.472657 0.018182 0.089074
1 0.267997 0.237278 0.019286 0.031778
17 0.282951 0.547106 0.033432 0.048083
15 0.275977 0.365912 0.028776 0.042694
25 0.736682 0.254417 0.026719 0.049185
26 0.810049 0.317583 0.024005 0.040815
38 0.811651 0.367486 0.042479 0.031824
21 0.834224 0.182019 0.022240 0.038148
24 0.914141 0.235815 0.023083 0.038222
31 0.941297 0.297403 0.021615 0.035639
27 0.936359 0.432292 0.031479 0.042083
30 0.980302 0.296079 0.016927 0.028435
