20 0.404591 0.464130 0.019307 0.078944
19 0.092508 0.509792 0.018182 0.089065
1 0.241589 0.290819 0.016250 0.024731
17 0.255297 0.581255 0.033437 0.048083
15 0.249065 0.409685 0.028776 0.042704
25 0.669948 0.302583 0.026719 0.049185
26 0.734898 0.352856 0.024005 0.040806
38 0.740563 0.408833 0.042479 0.031815
21 0.754792 0.232315 0.022240 0.038148
24 0.826685 0.280986 0.023078 0.038231
31 0.852969 0.333731 0.021615 0.035630
27 0.849693 0.452838 0.031479 0.042083
30 0.904393 0.328495 0.017120 0.028435
