20 0.430404 0.446991 0.019307 0.078944
19 0.105893 0.487806 0.018182 0.089074
1 0.260930 0.257856 0.019286 0.031769
17 0.274768 0.558801 0.033432 0.048083
15 0.266346 0.381657 0.028776 0.042704
25 0.709078 0.269875 0.026719 0.049194
26 0.782284 0.334417 0.024005 0.040815
38 0.785109 0.385412 0.042479 0.031824
21 0.799766 0.201898 0.022240 0.038148
24 0.874513 0.257306 0.023078 0.038222
31 0.904531 0.311301 0.021615 0.035639
27 0.899849 0.439829 0.031479 0.042083
30 0.961294 0.303903 0.017120 0.028435
