20 0.378331 0.476718 0.019307 0.078935
19 0.066125 0.528074 0.018187 0.089074
1 0.216406 0.311250 0.016250 0.024722
17 0.231844 0.592569 0.033437 0.048083
15 0.224477 0.420722 0.028776 0.042704
25 0.641583 0.314556 0.026719 0.049185
26 0.701982 0.366829 0.024005 0.040806
38 0.709760 0.421134 0.042479 0.031824
21 0.718901 0.246657 0.022240 0.038148
24 0.788247 0.295713 0.023078 0.038222
31 0.814099 0.345435 0.021615 0.035630
27 0.811042 0.461523 0.031479 0.042083
30 0.864680 0.340954 0.017120 0.028444
28 0.964635 0.594741 0.027094 0.050481
32 0.970844 0.459069 0.020896 0.041528
