17 0.799409 0.535250 0.039891 0.039574
16 0.805003 0.409333 0.038036 0.039574
15 0.808604 0.328287 0.038958 0.036278
20 0.618992 0.393769 0.027828 0.054426
1 0.819341 0.177917 0.032464 0.032981
5 0.287432 0.196884 0.031927 0.041380
6 0.199997 0.268847 0.022891 0.029843
18 0.186401 0.339995 0.018323 0.039083
0 0.178508 0.122986 0.026307 0.035806
4 0.084979 0.176769 0.019635 0.025278
7 0.059362 0.395750 0.017016 0.032204
11 0.055167 0.244213 0.020208 0.029704
14 0.046018 0.316954 0.016391 0.033352
