17 0.952596 0.647644 0.039891 0.039583
16 0.960807 0.524236 0.038031 0.039583
15 0.967206 0.432819 0.038964 0.036287
20 0.767466 0.493847 0.027828 0.054417
1 0.978313 0.280889 0.032469 0.032981
5 0.437151 0.272676 0.029354 0.040241
6 0.349617 0.338736 0.022891 0.029843
18 0.333573 0.412569 0.018323 0.039083
0 0.332635 0.195843 0.026062 0.034519
4 0.242292 0.247130 0.019646 0.025278
7 0.210677 0.455343 0.024792 0.035630
11 0.210703 0.309199 0.021562 0.029880
14 0.201518 0.376477 0.020922 0.034472
8 0.026948 0.614440 0.030625 0.044861
12 0.008818 0.439296 0.015094 0.032185
10 0.141401 0.292926 0.014719 0.027074
