17 0.762508 0.523560 0.039891 0.039583
16 0.767776 0.398435 0.038031 0.039574
15 0.771289 0.316028 0.038964 0.036278
19 0.965130 0.435671 0.026156 0.065880
20 0.587581 0.384157 0.027828 0.054426
1 0.778503 0.169889 0.032464 0.032981
5 0.252289 0.187449 0.031922 0.041380
6 0.162971 0.265088 0.022891 0.029843
18 0.150268 0.335361 0.018328 0.039074
0 0.141271 0.117426 0.026719 0.037963
4 0.047641 0.172056 0.019635 0.025278
7 0.024836 0.392306 0.017016 0.032204
11 0.020646 0.236972 0.014781 0.029019
14 0.011107 0.311435 0.016391 0.033352
