17 0.873924 0.591977 0.039891 0.039583
16 0.880714 0.467495 0.038031 0.039583
15 0.885831 0.376259 0.038964 0.036278
20 0.689917 0.443421 0.027833 0.054417
1 0.895734 0.224509 0.032469 0.032981
5 0.359154 0.233958 0.031411 0.041157
6 0.273169 0.303940 0.022891 0.029843
18 0.257956 0.374301 0.018328 0.039083
0 0.251479 0.157083 0.026063 0.034519
4 0.163568 0.211083 0.019635 0.025278
7 0.132786 0.424759 0.024792 0.035630
11 0.131555 0.274764 0.021557 0.029880
14 0.122833 0.344639 0.020927 0.034463
10 0.066714 0.263185 0.014719 0.027074
