17 0.827542 0.558861 0.039885 0.039574
16 0.832182 0.429116 0.038031 0.039583
15 0.837169 0.343736 0.038964 0.036287
20 0.645685 0.411310 0.027828 0.054417
1 0.845698 0.193000 0.032469 0.032981
5 0.312898 0.207486 0.031922 0.041380
6 0.225831 0.280486 0.022891 0.029843
18 0.219224 0.344032 0.018323 0.039083
0 0.203492 0.131463 0.026057 0.034519
4 0.109589 0.186435 0.019635 0.025278
7 0.083544 0.403417 0.018245 0.032741
11 0.077477 0.252736 0.021557 0.029880
14 0.073482 0.323347 0.017109 0.033528
10 0.015922 0.240241 0.014719 0.027074
