17 0.771742 0.525491 0.039891 0.039574
16 0.777164 0.400644 0.038036 0.039583
15 0.780753 0.319477 0.038964 0.036287
19 0.974841 0.439394 0.025411 0.065880
20 0.596195 0.385810 0.027828 0.054417
1 0.788122 0.172509 0.032464 0.032981
5 0.261289 0.188412 0.031922 0.041380
6 0.171737 0.265773 0.022891 0.029843
18 0.159344 0.335500 0.018323 0.039074
0 0.150740 0.118116 0.026719 0.037972
4 0.056370 0.172231 0.019635 0.025278
7 0.033466 0.393167 0.017016 0.032204
11 0.029276 0.238782 0.016135 0.029194
14 0.019831 0.312815 0.016391 0.033352
