17 0.780974 0.527421 0.039885 0.039583
16 0.786552 0.402847 0.038031 0.039583
15 0.790219 0.322926 0.038958 0.036278
19 0.984555 0.443120 0.024661 0.065889
20 0.604805 0.387468 0.027828 0.054417
1 0.797745 0.175130 0.032469 0.032981
5 0.270289 0.189384 0.031922 0.041380
6 0.180508 0.266468 0.022891 0.029843
18 0.168422 0.335639 0.018323 0.039074
0 0.160203 0.118806 0.026719 0.037963
4 0.065099 0.172403 0.019635 0.025269
7 0.042099 0.394028 0.017021 0.032204
11 0.037906 0.240597 0.017490 0.029361
14 0.028560 0.314194 0.016391 0.033352
