17 0.951904 0.646250 0.039891 0.039574
16 0.960115 0.523329 0.038031 0.039583
15 0.966466 0.432079 0.038964 0.036287
20 0.766914 0.493352 0.027828 0.054426
1 0.977714 0.280315 0.032469 0.032981
5 0.436781 0.271444 0.029354 0.040241
6 0.348831 0.337505 0.022891 0.029843
18 0.332602 0.412162 0.018328 0.039083
0 0.332034 0.194773 0.026057 0.034509
4 0.241370 0.246231 0.019646 0.025278
7 0.209984 0.454606 0.024792 0.035620
11 0.209872 0.308301 0.021557 0.029880
14 0.200872 0.375324 0.020922 0.034463
8 0.024357 0.614435 0.026089 0.042556
12 0.008307 0.438310 0.015094 0.032176
10 0.138182 0.291556 0.014719 0.027074
