17 0.774820 0.526134 0.039891 0.039583
16 0.780292 0.401380 0.038031 0.039574
15 0.783909 0.320630 0.038964 0.036278
19 0.978081 0.440639 0.025161 0.065889
20 0.599065 0.386366 0.027828 0.054417
1 0.791328 0.173380 0.032469 0.032981
5 0.264289 0.188736 0.031922 0.041380
6 0.174661 0.266005 0.022896 0.029843
18 0.162370 0.335546 0.018323 0.039074
0 0.153896 0.118347 0.026719 0.037972
4 0.059281 0.172287 0.019635 0.025278
7 0.036344 0.393454 0.017021 0.032204
11 0.032154 0.239384 0.016589 0.029250
14 0.022742 0.313278 0.016391 0.033352
