17 0.882169 0.599389 0.039891 0.039574
16 0.889346 0.472319 0.038036 0.039583
15 0.894560 0.381778 0.038964 0.036278
20 0.697773 0.447903 0.027828 0.054417
1 0.904271 0.230713 0.032469 0.032981
5 0.367299 0.237843 0.031026 0.040981
6 0.281315 0.307727 0.022891 0.029843
18 0.266589 0.377407 0.018323 0.039074
0 0.260109 0.161046 0.026062 0.034519
4 0.172198 0.215046 0.019635 0.025278
7 0.141125 0.427352 0.024792 0.035630
11 0.140672 0.278208 0.021563 0.029880
14 0.131466 0.347917 0.020922 0.034463
10 0.075672 0.266657 0.014719 0.027074
