17 0.865680 0.584560 0.039891 0.039583
16 0.872083 0.462667 0.038031 0.039574
15 0.877102 0.370741 0.038964 0.036278
20 0.682060 0.438940 0.027828 0.054417
1 0.887201 0.218306 0.032464 0.032981
5 0.351003 0.230079 0.031797 0.041324
6 0.265023 0.300144 0.022891 0.029843
18 0.249326 0.371199 0.018328 0.039083
0 0.242846 0.153111 0.026057 0.034519
4 0.154938 0.207116 0.019635 0.025269
7 0.124443 0.422176 0.024792 0.035630
11 0.122440 0.271310 0.021557 0.029880
14 0.114203 0.341361 0.020927 0.034463
10 0.058250 0.259731 0.014719 0.027074
