17 0.895909 0.611745 0.039891 0.039583
16 0.903732 0.480366 0.038036 0.039583
15 0.909107 0.390972 0.038964 0.036278
20 0.710867 0.455375 0.027828 0.054417
1 0.918495 0.241060 0.032469 0.032991
5 0.380880 0.244306 0.030385 0.040704
6 0.294893 0.314051 0.022891 0.029843
18 0.280974 0.382579 0.018323 0.039083
0 0.274497 0.167657 0.026057 0.034519
4 0.186583 0.221657 0.019635 0.025278
7 0.155026 0.431657 0.024792 0.035630
11 0.155867 0.283958 0.021557 0.029880
14 0.145852 0.353370 0.020922 0.034463
10 0.090609 0.272435 0.014719 0.027074
