17 0.952250 0.646949 0.039885 0.039583
16 0.960461 0.523782 0.038036 0.039583
15 0.966836 0.432449 0.038964 0.036287
20 0.767190 0.493602 0.027828 0.054426
1 0.978013 0.280602 0.032464 0.032981
5 0.436966 0.272060 0.029349 0.040250
6 0.349221 0.338125 0.022891 0.029843
18 0.333086 0.412366 0.018328 0.039083
0 0.332336 0.195306 0.026057 0.034519
4 0.241833 0.246681 0.019646 0.025269
7 0.210333 0.454972 0.024792 0.035630
11 0.210289 0.308745 0.021557 0.029880
14 0.201195 0.375903 0.020922 0.034472
8 0.025654 0.614435 0.028359 0.043704
12 0.008563 0.438806 0.015094 0.032185
10 0.139792 0.292241 0.014719 0.027074
