17 0.950865 0.644157 0.039885 0.039574
16 0.959076 0.521977 0.038036 0.039583
15 0.965357 0.430972 0.038964 0.036278
20 0.766081 0.492616 0.027828 0.054417
1 0.976812 0.279454 0.032469 0.032981
5 0.436229 0.269597 0.029354 0.040250
6 0.347654 0.335662 0.022891 0.029843
18 0.331148 0.411546 0.018328 0.039074
0 0.331133 0.193176 0.026057 0.034519
4 0.239984 0.244870 0.019646 0.025278
7 0.208948 0.453500 0.024792 0.035630
11 0.208625 0.306940 0.021562 0.029880
14 0.199904 0.373602 0.020922 0.034463
8 0.019935 0.613468 0.021547 0.040250
12 0.007547 0.436833 0.015094 0.032185
10 0.133354 0.289491 0.014719 0.027074
