17 0.931081 0.636569 0.039891 0.039583
16 0.939680 0.504736 0.038036 0.039583
15 0.945573 0.415796 0.038969 0.036278
20 0.745521 0.477444 0.027833 0.054426
1 0.955477 0.266347 0.032464 0.032991
5 0.416055 0.260630 0.029349 0.040241
6 0.329034 0.328764 0.022891 0.029843
18 0.314854 0.399134 0.018323 0.039083
0 0.310961 0.184204 0.026057 0.034519
4 0.221755 0.237287 0.019635 0.025278
7 0.189938 0.444532 0.024792 0.035620
11 0.191555 0.298671 0.021557 0.029880
14 0.181281 0.366704 0.020927 0.034463
10 0.123698 0.285361 0.014719 0.027074
