17 0.805549 0.538125 0.039891 0.039583
16 0.810305 0.411634 0.038036 0.039583
15 0.814784 0.331352 0.038964 0.036278
20 0.623518 0.396065 0.027828 0.054426
1 0.824802 0.180981 0.032469 0.032981
5 0.293089 0.199764 0.031927 0.041380
6 0.206622 0.269708 0.022891 0.029843
18 0.192380 0.341718 0.018323 0.039083
0 0.184570 0.124565 0.026141 0.034944
4 0.091766 0.178500 0.019635 0.025278
7 0.065115 0.396324 0.017021 0.032204
11 0.060919 0.245421 0.021109 0.029824
14 0.051836 0.317875 0.016391 0.033343
