17 0.840815 0.567569 0.039891 0.039583
16 0.846065 0.441093 0.038036 0.039574
15 0.851055 0.353176 0.038964 0.036278
20 0.658346 0.421111 0.027828 0.054426
1 0.860195 0.201713 0.032464 0.032981
5 0.326172 0.215477 0.031927 0.041380
6 0.239508 0.287384 0.022891 0.029843
18 0.229435 0.353833 0.018328 0.039074
0 0.217169 0.139093 0.026057 0.034519
4 0.125516 0.193694 0.019635 0.025278
7 0.097839 0.410125 0.020698 0.033824
11 0.093198 0.259273 0.021562 0.029880
14 0.087672 0.329690 0.018542 0.033880
10 0.030859 0.247120 0.014719 0.027074
