17 0.854086 0.576282 0.039891 0.039583
16 0.859951 0.453069 0.038036 0.039583
15 0.864940 0.362611 0.038964 0.036278
20 0.671003 0.430912 0.027828 0.054417
1 0.874693 0.210426 0.032469 0.032981
5 0.339443 0.223458 0.031927 0.041380
6 0.253190 0.294282 0.022891 0.029843
18 0.239643 0.363634 0.018328 0.039083
0 0.230852 0.146713 0.026057 0.034519
4 0.141443 0.200954 0.019635 0.025278
7 0.112135 0.416843 0.023156 0.034907
11 0.108919 0.265810 0.021557 0.029880
14 0.101865 0.336042 0.019969 0.034231
10 0.045802 0.254000 0.014719 0.027074
