17 0.951211 0.644856 0.039891 0.039583
16 0.959422 0.522431 0.038031 0.039583
15 0.965727 0.431343 0.038964 0.036278
20 0.766357 0.492861 0.027828 0.054426
1 0.977112 0.279741 0.032464 0.032981
5 0.436411 0.270213 0.029354 0.040241
6 0.348044 0.336273 0.022891 0.029843
18 0.331633 0.411750 0.018328 0.039074
0 0.331435 0.193704 0.026057 0.034519
4 0.240448 0.245324 0.019646 0.025278
7 0.209292 0.453870 0.024792 0.035630
11 0.209039 0.307394 0.021557 0.029880
14 0.200227 0.374176 0.020922 0.034463
8 0.021766 0.614426 0.021552 0.040241
12 0.007802 0.437324 0.015094 0.032185
10 0.134964 0.290176 0.014719 0.027074
