17 0.947568 0.642894 0.039885 0.039583
16 0.955844 0.519102 0.038031 0.039574
15 0.962060 0.428444 0.038964 0.036278
20 0.762654 0.490088 0.027828 0.054417
1 0.973255 0.277269 0.032469 0.032981
5 0.432865 0.268102 0.029354 0.040241
6 0.344549 0.334514 0.022891 0.029843
18 0.328432 0.409477 0.018323 0.039083
0 0.327771 0.191676 0.026063 0.034519
4 0.236945 0.243611 0.019641 0.025278
7 0.205781 0.452000 0.024792 0.035630
11 0.205779 0.305560 0.021557 0.029880
14 0.196799 0.372454 0.020922 0.034463
8 0.018104 0.612509 0.021552 0.040241
10 0.131745 0.288806 0.014719 0.027074
