17 0.953289 0.649042 0.039891 0.039583
16 0.961500 0.525139 0.038031 0.039574
15 0.967945 0.433556 0.038964 0.036278
20 0.768021 0.494338 0.027833 0.054417
1 0.978914 0.281463 0.032464 0.032981
5 0.437521 0.273907 0.029354 0.040241
6 0.350401 0.339968 0.022896 0.029843
18 0.334542 0.412981 0.018323 0.039074
0 0.333234 0.196907 0.026063 0.034519
4 0.243219 0.248037 0.019646 0.025278
7 0.211370 0.456083 0.024792 0.035630
11 0.211534 0.310106 0.021557 0.029880
14 0.202167 0.377630 0.020927 0.034463
8 0.027344 0.615532 0.030625 0.044861
12 0.009323 0.440278 0.015094 0.032185
10 0.144622 0.294306 0.014714 0.027074
