17 0.753276 0.521630 0.039885 0.039574
16 0.758388 0.396227 0.038036 0.039583
15 0.761820 0.312583 0.038964 0.036278
19 0.955417 0.431949 0.026906 0.065880
20 0.578971 0.382500 0.027828 0.054426
1 0.768880 0.167269 0.032469 0.032981
5 0.243289 0.186486 0.031922 0.041380
6 0.154206 0.264394 0.022891 0.029843
18 0.141190 0.335227 0.018328 0.039083
0 0.131807 0.116736 0.026719 0.037972
4 0.038911 0.171889 0.019635 0.025278
7 0.016203 0.391444 0.017021 0.032204
11 0.012016 0.235167 0.013427 0.028852
