17 0.912393 0.626569 0.039891 0.039583
16 0.920995 0.490023 0.038031 0.039583
15 0.926565 0.402005 0.038964 0.036287
20 0.726576 0.464343 0.027828 0.054426
1 0.935562 0.253472 0.032469 0.032981
5 0.397174 0.252069 0.029609 0.040361
6 0.311188 0.321634 0.022896 0.029843
18 0.298237 0.388787 0.018328 0.039074
0 0.291758 0.175583 0.026057 0.034519
4 0.203849 0.229583 0.019635 0.025278
7 0.171708 0.436833 0.024792 0.035630
11 0.174099 0.290847 0.021563 0.029880
14 0.163115 0.359926 0.020927 0.034463
10 0.108531 0.279361 0.014719 0.027074
