17 0.784052 0.528069 0.039885 0.039583
16 0.789680 0.403588 0.038036 0.039583
15 0.793372 0.324074 0.038964 0.036278
19 0.987792 0.444361 0.024417 0.065889
20 0.607677 0.388019 0.027833 0.054426
1 0.800951 0.176000 0.032464 0.032981
5 0.273289 0.189704 0.031922 0.041370
6 0.183430 0.266694 0.022891 0.029833
18 0.171448 0.335685 0.018323 0.039074
0 0.163359 0.119032 0.026719 0.037972
4 0.068005 0.172463 0.019635 0.025278
7 0.044974 0.394315 0.017021 0.032204
11 0.040784 0.241199 0.017943 0.029417
14 0.031471 0.314657 0.016391 0.033352
