17 0.917891 0.631514 0.039885 0.039583
16 0.926747 0.493241 0.038036 0.039574
15 0.932383 0.405685 0.038964 0.036278
20 0.731815 0.467329 0.027828 0.054417
1 0.941253 0.257611 0.032464 0.032981
5 0.402604 0.254653 0.029354 0.040250
6 0.316617 0.324167 0.022891 0.029833
18 0.303992 0.390856 0.018328 0.039083
0 0.297513 0.178231 0.026057 0.034519
4 0.209599 0.232231 0.019635 0.025278
7 0.177266 0.438556 0.024792 0.035630
11 0.180177 0.293153 0.021562 0.029880
14 0.168870 0.362111 0.020927 0.034463
10 0.114505 0.281676 0.014719 0.027074
