17 0.802479 0.536690 0.039885 0.039583
16 0.807654 0.410481 0.038036 0.039574
15 0.811695 0.329824 0.038964 0.036278
20 0.621253 0.394917 0.027828 0.054426
1 0.822070 0.179454 0.032464 0.032981
5 0.290260 0.198329 0.031927 0.041380
6 0.203310 0.269282 0.022891 0.029843
18 0.189391 0.340856 0.018323 0.039083
0 0.181539 0.123773 0.026224 0.035380
4 0.088375 0.177630 0.019635 0.025278
7 0.062240 0.396037 0.017021 0.032204
11 0.058042 0.244819 0.020656 0.029769
14 0.048930 0.317417 0.016391 0.033352
