17 0.955367 0.653227 0.039891 0.039583
16 0.963578 0.527847 0.038031 0.039583
15 0.970159 0.435773 0.038964 0.036287
20 0.769685 0.495815 0.027828 0.054426
1 0.980716 0.283185 0.032464 0.032981
5 0.438630 0.277602 0.029354 0.040241
6 0.352758 0.343662 0.022891 0.029843
18 0.337451 0.414213 0.018328 0.039074
0 0.335036 0.200111 0.026062 0.034519
4 0.245990 0.250741 0.019646 0.025278
7 0.213448 0.458301 0.024792 0.035620
11 0.214029 0.312810 0.021557 0.029880
14 0.204104 0.381074 0.020927 0.034463
8 0.028523 0.618833 0.030620 0.044870
12 0.010849 0.443236 0.015094 0.032176
10 0.153026 0.298407 0.014719 0.027074
