17 0.876672 0.594444 0.039885 0.039574
16 0.883591 0.469102 0.038036 0.039574
15 0.888742 0.378097 0.038964 0.036287
20 0.692534 0.444917 0.027828 0.054426
1 0.898581 0.226574 0.032464 0.032981
5 0.361870 0.235250 0.031281 0.041093
6 0.275888 0.305199 0.022891 0.029843
18 0.260833 0.375338 0.018323 0.039083
0 0.254357 0.158398 0.026057 0.034519
4 0.166443 0.212403 0.019635 0.025269
7 0.135562 0.425620 0.024792 0.035630
11 0.134596 0.275912 0.021557 0.029880
14 0.125711 0.345731 0.020922 0.034463
10 0.069698 0.264343 0.014719 0.027074
