17 0.898656 0.614218 0.039885 0.039583
16 0.906607 0.481977 0.038036 0.039583
15 0.912018 0.392810 0.038964 0.036287
20 0.713484 0.456870 0.027833 0.054426
1 0.921339 0.243130 0.032469 0.032981
5 0.383596 0.245597 0.030255 0.040639
6 0.297612 0.315319 0.022891 0.029843
18 0.283852 0.383616 0.018328 0.039083
0 0.277372 0.168981 0.026057 0.034519
4 0.189464 0.222981 0.019635 0.025278
7 0.157807 0.432519 0.024792 0.035630
11 0.158904 0.285106 0.021557 0.029880
14 0.148729 0.354463 0.020927 0.034463
10 0.093594 0.273583 0.014719 0.027074
