17 0.790195 0.530940 0.039891 0.039583
16 0.796362 0.405884 0.038036 0.039583
15 0.799409 0.324843 0.038964 0.036278
19 0.990055 0.448958 0.019891 0.065880
20 0.612203 0.390319 0.027833 0.054417
1 0.809570 0.175236 0.032464 0.032991
5 0.278948 0.192579 0.031927 0.041380
6 0.190055 0.267560 0.022891 0.029843
18 0.177430 0.337407 0.018328 0.039074
0 0.169419 0.120616 0.026557 0.037102
4 0.074797 0.174185 0.019635 0.025278
7 0.050729 0.394889 0.017021 0.032204
11 0.046536 0.242407 0.018844 0.029537
14 0.037289 0.315574 0.016391 0.033352
