17 0.924484 0.634042 0.039885 0.039583
16 0.933214 0.498986 0.038031 0.039583
15 0.938977 0.410741 0.038964 0.036278
20 0.738669 0.472384 0.027828 0.054417
1 0.948365 0.261981 0.032469 0.032981
5 0.409328 0.257644 0.029354 0.040250
6 0.322826 0.326468 0.022891 0.029843
18 0.309422 0.394995 0.018323 0.039083
0 0.304237 0.181222 0.026057 0.034519
4 0.215677 0.234759 0.019635 0.025278
7 0.183604 0.441546 0.024792 0.035630
11 0.185867 0.295912 0.021557 0.029880
14 0.175076 0.364407 0.020922 0.034463
10 0.120479 0.283991 0.014719 0.027074
