17 0.765586 0.524204 0.039891 0.039574
16 0.770904 0.399171 0.038036 0.039583
15 0.774443 0.317176 0.038958 0.036278
19 0.968367 0.436912 0.025911 0.065880
20 0.590453 0.384708 0.027833 0.054417
1 0.781708 0.170759 0.032469 0.032981
5 0.255289 0.187773 0.031922 0.041380
6 0.165893 0.265319 0.022891 0.029843
18 0.153294 0.335407 0.018328 0.039074
0 0.144427 0.117653 0.026719 0.037972
4 0.050552 0.172116 0.019635 0.025269
7 0.027714 0.392593 0.017021 0.032204
11 0.023523 0.237579 0.015234 0.029083
14 0.014013 0.311898 0.016391 0.033352
