17 0.750201 0.520986 0.039891 0.039583
16 0.755258 0.395495 0.038036 0.039583
15 0.758667 0.311431 0.038958 0.036287
19 0.952180 0.430708 0.027151 0.065880
20 0.576099 0.381949 0.027833 0.054417
1 0.765674 0.166394 0.032464 0.032991
5 0.240289 0.186162 0.031922 0.041380
6 0.151284 0.264162 0.022891 0.029843
18 0.138164 0.335181 0.018328 0.039083
0 0.128651 0.116505 0.026719 0.037972
4 0.036005 0.171824 0.019635 0.025278
7 0.013328 0.391153 0.017021 0.032194
11 0.009138 0.234565 0.012974 0.028796
