17 0.944271 0.641630 0.039885 0.039574
16 0.952609 0.516227 0.038031 0.039583
15 0.958763 0.425912 0.038964 0.036287
20 0.759227 0.487556 0.027828 0.054426
1 0.969701 0.275083 0.032464 0.032981
5 0.429503 0.266611 0.029349 0.040241
6 0.341445 0.333361 0.022891 0.029833
18 0.325716 0.407407 0.018328 0.039074
0 0.324409 0.190185 0.026057 0.034519
4 0.233909 0.242343 0.019641 0.025278
7 0.202609 0.450509 0.024792 0.035630
11 0.202935 0.304181 0.021557 0.029880
14 0.193695 0.371306 0.020922 0.034463
8 0.016271 0.611551 0.021552 0.040250
10 0.130135 0.288111 0.014719 0.027074
