17 0.879419 0.596917 0.039891 0.039574
16 0.886469 0.470713 0.038031 0.039574
15 0.891648 0.379935 0.038964 0.036278
20 0.695154 0.446407 0.027828 0.054426
1 0.901424 0.228648 0.032464 0.032981
5 0.364583 0.236546 0.031156 0.041037
6 0.278602 0.306468 0.022891 0.029843
18 0.263711 0.376375 0.018328 0.039083
0 0.257232 0.159722 0.026057 0.034519
4 0.169323 0.213722 0.019635 0.025278
7 0.138344 0.426491 0.024792 0.035630
11 0.137633 0.277060 0.021557 0.029880
14 0.128589 0.346824 0.020927 0.034463
10 0.072688 0.265500 0.014719 0.027074
