17 0.759432 0.522917 0.039885 0.039574
16 0.764646 0.397699 0.038031 0.039583
15 0.768133 0.314880 0.038964 0.036278
19 0.961891 0.434431 0.026406 0.065880
20 0.584711 0.383606 0.027828 0.054417
1 0.775294 0.169014 0.032464 0.032991
5 0.249289 0.187125 0.031922 0.041380
6 0.160049 0.264856 0.022891 0.029843
18 0.147242 0.335315 0.018328 0.039074
0 0.138120 0.117199 0.026719 0.037972
4 0.044729 0.172000 0.019635 0.025278
7 0.021958 0.392019 0.017021 0.032204
11 0.017768 0.236370 0.014328 0.028963
14 0.008195 0.310977 0.016391 0.033343
