17 0.868430 0.587032 0.039891 0.039583
16 0.874958 0.464273 0.038031 0.039583
15 0.880013 0.372579 0.038964 0.036287
20 0.684680 0.440431 0.027828 0.054417
1 0.890047 0.220370 0.032469 0.032981
5 0.353721 0.231375 0.031672 0.041269
6 0.267740 0.301407 0.022896 0.029833
18 0.252203 0.372236 0.018323 0.039083
0 0.245724 0.154435 0.026063 0.034519
4 0.157812 0.208435 0.019635 0.025278
7 0.127224 0.423037 0.024792 0.035630
11 0.125477 0.272458 0.021557 0.029880
14 0.117078 0.342454 0.020927 0.034463
10 0.060740 0.260880 0.014719 0.027074
