17 0.838602 0.566120 0.039891 0.039574
16 0.843753 0.439097 0.038036 0.039583
15 0.848742 0.351602 0.038964 0.036278
20 0.656237 0.419477 0.027828 0.054417
1 0.857781 0.200259 0.032469 0.032981
5 0.323958 0.214144 0.031927 0.041380
6 0.237229 0.286236 0.022896 0.029843
18 0.227732 0.352199 0.018328 0.039083
0 0.214891 0.137815 0.026063 0.034519
4 0.122859 0.192481 0.019635 0.025278
7 0.095458 0.409009 0.020292 0.033648
11 0.090578 0.258181 0.021563 0.029880
14 0.085307 0.328634 0.018302 0.033824
10 0.028370 0.245972 0.014719 0.027074
