17 0.934378 0.637838 0.039891 0.039583
16 0.942911 0.507606 0.038031 0.039583
15 0.948872 0.418324 0.038964 0.036278
20 0.748948 0.479972 0.027833 0.054426
1 0.959031 0.268528 0.032469 0.032981
5 0.419417 0.262125 0.029354 0.040250
6 0.332135 0.329912 0.022896 0.029843
18 0.317570 0.401199 0.018328 0.039083
0 0.314323 0.185704 0.026062 0.034519
4 0.224794 0.238556 0.019641 0.025278
7 0.193109 0.446028 0.024792 0.035630
11 0.194401 0.300046 0.021562 0.029870
14 0.184385 0.367856 0.020927 0.034472
8 0.010776 0.608681 0.021552 0.040250
10 0.125307 0.286056 0.014719 0.027074
