17 0.834180 0.563218 0.039891 0.039583
16 0.839125 0.435106 0.038031 0.039583
15 0.844112 0.348454 0.038964 0.036278
20 0.652016 0.416208 0.027833 0.054417
1 0.852948 0.197361 0.032469 0.032981
5 0.319536 0.211486 0.031927 0.041380
6 0.232669 0.283940 0.022891 0.029843
18 0.224328 0.348931 0.018323 0.039083
0 0.210331 0.135278 0.026057 0.034519
4 0.117552 0.190065 0.019635 0.025278
7 0.090690 0.406773 0.019474 0.033287
11 0.085336 0.256005 0.021557 0.029880
14 0.080578 0.326519 0.017823 0.033704
10 0.023391 0.243676 0.014719 0.027074
