17 0.906898 0.621630 0.039891 0.039574
16 0.915240 0.486806 0.038031 0.039574
15 0.920747 0.398324 0.038964 0.036278
20 0.721341 0.461352 0.027828 0.054426
1 0.929872 0.249333 0.032464 0.032981
5 0.391742 0.249477 0.029870 0.040472
6 0.305758 0.319106 0.022891 0.029843
18 0.292482 0.386718 0.018328 0.039083
0 0.286005 0.172944 0.026062 0.034519
4 0.198094 0.226944 0.019635 0.025278
7 0.166146 0.435111 0.024792 0.035630
11 0.168021 0.288551 0.021563 0.029880
14 0.157359 0.357741 0.020927 0.034463
10 0.102557 0.277056 0.014719 0.027074
