17 0.952943 0.648343 0.039885 0.039574
16 0.961154 0.524685 0.038036 0.039574
15 0.967576 0.433185 0.038964 0.036278
20 0.767742 0.494093 0.027828 0.054426
1 0.978615 0.281176 0.032469 0.032981
5 0.437333 0.273292 0.029354 0.040250
6 0.350008 0.339356 0.022891 0.029843
18 0.334057 0.412778 0.018323 0.039074
0 0.332935 0.196370 0.026057 0.034519
4 0.242755 0.247583 0.019646 0.025278
7 0.211026 0.455713 0.024792 0.035630
11 0.211117 0.309653 0.021557 0.029880
14 0.201844 0.377051 0.020927 0.034472
8 0.027146 0.614986 0.030625 0.044861
12 0.009070 0.439787 0.015089 0.032185
10 0.143010 0.293620 0.014719 0.027074
