17 0.814763 0.547032 0.039891 0.039583
16 0.819099 0.417954 0.038031 0.039574
15 0.824049 0.335954 0.038964 0.036278
20 0.632570 0.401810 0.027828 0.054417
1 0.832992 0.185583 0.032464 0.032981
5 0.301091 0.202347 0.031922 0.041380
6 0.214464 0.273588 0.022896 0.029843
18 0.204745 0.340856 0.018323 0.039083
0 0.192125 0.126509 0.026062 0.034519
4 0.098396 0.181083 0.019635 0.025278
7 0.072195 0.398333 0.017016 0.032204
11 0.066706 0.247745 0.021557 0.029880
14 0.060565 0.319255 0.016391 0.033343
10 0.007359 0.238269 0.014719 0.027074
