17 0.862932 0.582088 0.039885 0.039583
16 0.869206 0.461056 0.038036 0.039574
15 0.874195 0.368903 0.038964 0.036287
20 0.679443 0.437444 0.027833 0.054426
1 0.884357 0.216231 0.032464 0.032981
5 0.348289 0.228782 0.031922 0.041380
6 0.262310 0.298875 0.022891 0.029843
18 0.246448 0.370167 0.018323 0.039074
0 0.239971 0.151796 0.026057 0.034519
4 0.152057 0.205796 0.019635 0.025278
7 0.121661 0.421315 0.024792 0.035630
11 0.119401 0.270162 0.021562 0.029880
14 0.111326 0.340269 0.020922 0.034463
10 0.055760 0.258583 0.014719 0.027074
