17 0.847451 0.571926 0.039891 0.039574
16 0.853008 0.447083 0.038036 0.039574
15 0.857997 0.357889 0.038964 0.036278
20 0.664674 0.426009 0.027828 0.054426
1 0.867443 0.206069 0.032469 0.032991
5 0.332807 0.219468 0.031927 0.041380
6 0.246349 0.290829 0.022896 0.029843
18 0.234539 0.358731 0.018328 0.039074
0 0.224010 0.142898 0.026063 0.034519
4 0.133479 0.197324 0.019635 0.025278
7 0.104987 0.413481 0.021932 0.034370
11 0.101060 0.262542 0.021557 0.029880
14 0.094768 0.332866 0.019255 0.034046
10 0.038328 0.250556 0.014719 0.027074
