17 0.831966 0.561764 0.039891 0.039583
16 0.836810 0.433106 0.038036 0.039583
15 0.841799 0.346880 0.038964 0.036278
20 0.649906 0.414574 0.027833 0.054426
1 0.850531 0.195907 0.032469 0.032981
5 0.317323 0.210153 0.031927 0.041380
6 0.230388 0.282782 0.022891 0.029843
18 0.222628 0.347301 0.018328 0.039083
0 0.208049 0.134009 0.026057 0.034519
4 0.114901 0.188852 0.019635 0.025278
7 0.088310 0.405653 0.019068 0.033102
11 0.082716 0.254921 0.021557 0.029880
14 0.078214 0.325463 0.017583 0.033648
10 0.020901 0.242537 0.014719 0.027074
