17 0.890411 0.606801 0.039885 0.039583
16 0.897977 0.477148 0.038036 0.039574
15 0.903289 0.387292 0.038964 0.036287
20 0.705628 0.452384 0.027828 0.054417
1 0.912805 0.236926 0.032464 0.032981
5 0.375448 0.241722 0.030635 0.040815
6 0.289464 0.311523 0.022896 0.029843
18 0.275219 0.380514 0.018323 0.039083
0 0.268742 0.165009 0.026057 0.034519
4 0.180828 0.219009 0.019635 0.025278
7 0.149464 0.429935 0.024792 0.035630
11 0.149789 0.281653 0.021557 0.029880
14 0.140096 0.351190 0.020922 0.034472
10 0.084635 0.270120 0.014719 0.027074
