17 0.796336 0.533815 0.039891 0.039574
16 0.802352 0.408185 0.038036 0.039574
15 0.805513 0.326759 0.038964 0.036278
20 0.616727 0.392616 0.027828 0.054417
1 0.816612 0.176389 0.032464 0.032981
5 0.284604 0.195449 0.031927 0.041380
6 0.196685 0.268421 0.022891 0.029843
18 0.183409 0.339134 0.018328 0.039083
0 0.175479 0.122194 0.026385 0.036241
4 0.081583 0.175907 0.019635 0.025278
7 0.056484 0.395463 0.017021 0.032204
11 0.052292 0.243611 0.019750 0.029648
14 0.043107 0.316495 0.016391 0.033343
