17 0.957099 0.656718 0.039885 0.039583
16 0.965310 0.530106 0.038036 0.039583
15 0.972008 0.437620 0.038964 0.036278
20 0.771070 0.497046 0.027828 0.054426
1 0.982216 0.284620 0.032464 0.032981
5 0.439552 0.280681 0.029354 0.040250
6 0.354719 0.346745 0.022896 0.029843
18 0.339875 0.415241 0.018323 0.039074
0 0.336536 0.202778 0.026062 0.034519
4 0.248297 0.253000 0.019646 0.025278
7 0.215182 0.460148 0.024792 0.035630
11 0.216107 0.315069 0.021557 0.029880
14 0.205721 0.383944 0.020922 0.034463
8 0.029508 0.621583 0.030620 0.044870
12 0.012120 0.445699 0.015094 0.032176
10 0.154807 0.301704 0.014719 0.027074
