17 0.851872 0.574829 0.039891 0.039583
16 0.857635 0.451074 0.038031 0.039574
15 0.862622 0.361037 0.038964 0.036278
20 0.668893 0.429278 0.027828 0.054426
1 0.872276 0.208972 0.032469 0.032981
5 0.337229 0.222134 0.031927 0.041380
6 0.250909 0.293134 0.022891 0.029843
18 0.237940 0.362000 0.018328 0.039074
0 0.228570 0.145444 0.026057 0.034519
4 0.138786 0.199741 0.019635 0.025278
7 0.109753 0.415722 0.022745 0.034722
11 0.106299 0.264718 0.021557 0.029880
14 0.099500 0.334981 0.019729 0.034167
10 0.043310 0.252852 0.014714 0.027074
