17 0.871177 0.589505 0.039885 0.039583
16 0.877836 0.465884 0.038036 0.039583
15 0.882924 0.374417 0.038964 0.036278
20 0.687299 0.441926 0.027828 0.054426
1 0.892891 0.222440 0.032469 0.032991
5 0.356438 0.232667 0.031542 0.041204
6 0.270456 0.302671 0.022891 0.029843
18 0.255081 0.373269 0.018328 0.039074
0 0.248602 0.155759 0.026057 0.034519
4 0.160687 0.209759 0.019635 0.025278
7 0.130005 0.423898 0.024792 0.035630
11 0.128518 0.273606 0.021557 0.029880
14 0.119956 0.343546 0.020922 0.034463
10 0.063724 0.262028 0.014719 0.027074
