17 0.829755 0.560310 0.039885 0.039583
16 0.834497 0.431111 0.038036 0.039574
15 0.839482 0.345310 0.038964 0.036287
20 0.647797 0.412944 0.027833 0.054426
1 0.848115 0.194454 0.032469 0.032981
5 0.315109 0.208819 0.031927 0.041380
6 0.228109 0.281634 0.022896 0.029843
18 0.220927 0.345667 0.018323 0.039074
0 0.205771 0.132741 0.026063 0.034519
4 0.112245 0.187648 0.019635 0.025278
7 0.085927 0.404537 0.018656 0.032926
11 0.080096 0.253829 0.021557 0.029880
14 0.075846 0.324403 0.017349 0.033583
10 0.018411 0.241389 0.014719 0.027074
