17 0.887664 0.604329 0.039891 0.039583
16 0.895099 0.475542 0.038031 0.039583
15 0.900378 0.385454 0.038964 0.036278
20 0.703010 0.450894 0.027833 0.054417
1 0.909958 0.234852 0.032469 0.032981
5 0.372732 0.240426 0.030766 0.040870
6 0.286747 0.310255 0.022891 0.029843
18 0.272344 0.379477 0.018323 0.039083
0 0.265865 0.163690 0.026063 0.034509
4 0.177953 0.217694 0.019635 0.025278
7 0.146687 0.429074 0.024792 0.035630
11 0.146750 0.280505 0.021562 0.029880
14 0.137219 0.350097 0.020927 0.034472
10 0.081646 0.268963 0.014719 0.027074
