17 0.915143 0.629042 0.039891 0.039583
16 0.923872 0.491634 0.038036 0.039583
15 0.929477 0.403843 0.038964 0.036278
20 0.729195 0.465833 0.027828 0.054426
1 0.938409 0.255546 0.032464 0.032981
5 0.399891 0.253361 0.029479 0.040296
6 0.313904 0.322903 0.022891 0.029843
18 0.301115 0.389819 0.018323 0.039083
0 0.294635 0.176907 0.026063 0.034519
4 0.206724 0.230907 0.019635 0.025278
7 0.174484 0.437694 0.024792 0.035630
11 0.177138 0.292005 0.021557 0.029880
14 0.165992 0.361019 0.020922 0.034463
10 0.111516 0.280519 0.014719 0.027074
