17 0.955714 0.653926 0.039885 0.039574
16 0.963924 0.528301 0.038036 0.039583
15 0.970529 0.436144 0.038964 0.036287
20 0.769961 0.496065 0.027828 0.054426
1 0.981016 0.283472 0.032469 0.032981
5 0.438812 0.278218 0.029354 0.040250
6 0.353148 0.344282 0.022891 0.029843
18 0.337935 0.414421 0.018328 0.039083
0 0.335336 0.200644 0.026057 0.034509
4 0.246448 0.251194 0.019646 0.025278
7 0.213797 0.458667 0.024792 0.035630
11 0.214445 0.313264 0.021557 0.029880
14 0.204430 0.381648 0.020922 0.034463
8 0.028721 0.619384 0.030620 0.044861
12 0.011104 0.443731 0.015094 0.032185
10 0.153380 0.299065 0.014719 0.027074
