17 0.901404 0.616685 0.039891 0.039574
16 0.909484 0.483588 0.038031 0.039583
15 0.914924 0.394648 0.038964 0.036278
20 0.716102 0.458361 0.027828 0.054426
1 0.924185 0.245194 0.032464 0.032981
5 0.386313 0.246894 0.030125 0.040583
6 0.300326 0.316579 0.022891 0.029843
18 0.286729 0.384648 0.018323 0.039074
0 0.280250 0.170296 0.026063 0.034519
4 0.192339 0.224296 0.019635 0.025278
7 0.160589 0.433380 0.024792 0.035630
11 0.161945 0.286255 0.021557 0.029880
14 0.151604 0.355556 0.020927 0.034463
10 0.096583 0.274741 0.014719 0.027074
