17 0.811693 0.543296 0.039885 0.039574
16 0.816029 0.415366 0.038036 0.039583
15 0.820961 0.334417 0.038964 0.036278
20 0.629174 0.399514 0.027828 0.054417
1 0.830260 0.184046 0.032469 0.032981
5 0.298505 0.201773 0.031927 0.041380
6 0.212201 0.271866 0.022891 0.029843
18 0.200057 0.341718 0.018323 0.039083
0 0.189862 0.125935 0.026057 0.034519
4 0.096776 0.180222 0.019635 0.025278
7 0.070094 0.397472 0.017021 0.032204
11 0.065253 0.246884 0.021557 0.029880
14 0.057659 0.318796 0.016391 0.033352
