17 0.909646 0.624102 0.039885 0.039574
16 0.918117 0.488412 0.038036 0.039583
15 0.923654 0.400167 0.038964 0.036278
20 0.723958 0.462847 0.027833 0.054417
1 0.932719 0.251407 0.032469 0.032981
5 0.394458 0.250773 0.029740 0.040417
6 0.308471 0.320375 0.022891 0.029843
18 0.295359 0.387755 0.018323 0.039083
0 0.288883 0.174269 0.026057 0.034519
4 0.200969 0.228269 0.019635 0.025278
7 0.168927 0.435972 0.024792 0.035630
11 0.171060 0.289699 0.021557 0.029880
14 0.160237 0.358833 0.020922 0.034463
10 0.105542 0.278213 0.014719 0.027074
