17 0.823117 0.555958 0.039891 0.039583
16 0.827555 0.425120 0.038036 0.039574
15 0.832544 0.340593 0.038964 0.036278
20 0.641466 0.408042 0.027828 0.054417
1 0.840867 0.190102 0.032464 0.032981
5 0.308474 0.204829 0.031927 0.041380
6 0.221268 0.278190 0.022891 0.029843
18 0.215823 0.340764 0.018323 0.039083
0 0.198930 0.128926 0.026057 0.034519
4 0.104281 0.184019 0.019635 0.025278
7 0.078781 0.401181 0.017427 0.032380
11 0.072237 0.250560 0.021557 0.029880
14 0.068750 0.321231 0.016625 0.033407
10 0.010943 0.237944 0.014719 0.027074
