17 0.953635 0.649741 0.039885 0.039574
16 0.961846 0.525588 0.038036 0.039583
15 0.968312 0.433926 0.038969 0.036278
20 0.768299 0.494583 0.027828 0.054426
1 0.979214 0.281750 0.032469 0.032981
5 0.437703 0.274523 0.029354 0.040250
6 0.350794 0.340588 0.022891 0.029843
18 0.335026 0.413190 0.018323 0.039083
0 0.333534 0.197444 0.026057 0.034519
4 0.243677 0.248491 0.019646 0.025278
7 0.211719 0.456454 0.024792 0.035630
11 0.211951 0.310551 0.021557 0.029880
14 0.202490 0.378204 0.020927 0.034463
8 0.027539 0.616088 0.030620 0.044861
12 0.009578 0.440773 0.015094 0.032176
10 0.146232 0.294991 0.014714 0.027074
