17 0.957445 0.657417 0.039891 0.039574
16 0.965656 0.530556 0.038031 0.039574
15 0.972378 0.437991 0.038964 0.036278
20 0.771346 0.497296 0.027828 0.054426
1 0.982516 0.284907 0.032469 0.032981
5 0.439734 0.281296 0.029354 0.040241
6 0.355112 0.347356 0.022891 0.029843
18 0.340362 0.415444 0.018328 0.039074
0 0.336836 0.203315 0.026057 0.034519
4 0.248760 0.253454 0.019646 0.025278
7 0.215526 0.460519 0.024792 0.035630
11 0.216523 0.315523 0.021557 0.029880
14 0.206044 0.384523 0.020922 0.034472
8 0.029703 0.622134 0.030625 0.044861
12 0.012372 0.446194 0.015089 0.032185
10 0.155161 0.302370 0.014719 0.027074
