17 0.747122 0.520343 0.039891 0.039574
16 0.752128 0.394759 0.038036 0.039574
15 0.755513 0.310282 0.038964 0.036287
19 0.948943 0.429463 0.027406 0.065889
20 0.573229 0.381398 0.027833 0.054426
1 0.762469 0.165519 0.032469 0.032981
5 0.237289 0.185838 0.031922 0.041380
6 0.148359 0.263940 0.022896 0.029843
18 0.135138 0.335134 0.018328 0.039083
0 0.125495 0.116278 0.026719 0.037963
4 0.033094 0.171769 0.019635 0.025278
7 0.010448 0.390866 0.017021 0.032194
11 0.006260 0.233958 0.012521 0.028731
