17 0.937674 0.639097 0.039891 0.039583
16 0.946143 0.510481 0.038036 0.039574
15 0.952169 0.420856 0.038964 0.036287
20 0.752375 0.482500 0.027833 0.054426
1 0.962589 0.270713 0.032469 0.032981
5 0.422779 0.263620 0.029349 0.040241
6 0.335237 0.331060 0.022891 0.029843
18 0.320284 0.403269 0.018328 0.039074
0 0.317685 0.187194 0.026057 0.034519
4 0.227831 0.239815 0.019641 0.025278
7 0.196276 0.447519 0.024792 0.035630
11 0.197245 0.301421 0.021563 0.029880
14 0.187490 0.369009 0.020927 0.034463
8 0.012607 0.609639 0.021547 0.040241
10 0.126917 0.286741 0.014719 0.027074
