17 0.955021 0.652532 0.039885 0.039583
16 0.963232 0.527394 0.038036 0.039583
15 0.969789 0.435403 0.038964 0.036287
20 0.769406 0.495569 0.027833 0.054417
1 0.980417 0.282898 0.032469 0.032981
5 0.438443 0.276986 0.029354 0.040250
6 0.352362 0.343051 0.022891 0.029843
18 0.336966 0.414009 0.018328 0.039074
0 0.334737 0.199574 0.026057 0.034519
4 0.245526 0.250296 0.019646 0.025278
7 0.213104 0.457935 0.024792 0.035630
11 0.213612 0.312366 0.021557 0.029880
14 0.203781 0.380500 0.020927 0.034463
8 0.028328 0.618282 0.030625 0.044861
12 0.010594 0.442741 0.015094 0.032185
10 0.152672 0.297741 0.014719 0.027074
