17 0.904151 0.619157 0.039885 0.039574
16 0.912362 0.485194 0.038036 0.039574
15 0.917836 0.396486 0.038964 0.036287
20 0.718721 0.459856 0.027828 0.054417
1 0.927029 0.247269 0.032464 0.032981
5 0.389026 0.248190 0.030000 0.040528
6 0.303039 0.317847 0.022891 0.029843
18 0.289607 0.385681 0.018328 0.039083
0 0.283128 0.171620 0.026057 0.034519
4 0.195214 0.225620 0.019635 0.025278
7 0.163365 0.434245 0.024792 0.035620
11 0.164982 0.287403 0.021557 0.029880
14 0.154482 0.356648 0.020922 0.034463
10 0.099568 0.275898 0.014719 0.027074
