17 0.860721 0.580639 0.039891 0.039574
16 0.866891 0.459060 0.038031 0.039583
15 0.871878 0.367329 0.038964 0.036287
20 0.677333 0.435810 0.027833 0.054417
1 0.881940 0.214778 0.032464 0.032981
5 0.346078 0.227458 0.031927 0.041380
6 0.260029 0.297727 0.022891 0.029843
18 0.244747 0.368532 0.018328 0.039083
0 0.237690 0.150519 0.026057 0.034519
4 0.149406 0.204583 0.019635 0.025278
7 0.119281 0.420194 0.024385 0.035444
11 0.116779 0.269069 0.021557 0.029880
14 0.108958 0.339213 0.020688 0.034407
10 0.053271 0.257435 0.014719 0.027074
