17 0.953982 0.650440 0.039891 0.039583
16 0.962193 0.526042 0.038031 0.039583
15 0.968680 0.434296 0.038964 0.036278
20 0.768576 0.494833 0.027828 0.054426
1 0.979516 0.282037 0.032469 0.032981
5 0.437891 0.275139 0.029354 0.040241
6 0.351185 0.341199 0.022891 0.029843
18 0.335510 0.413394 0.018323 0.039083
0 0.333836 0.197972 0.026057 0.034519
4 0.244141 0.248935 0.019646 0.025278
7 0.212062 0.456824 0.024792 0.035630
11 0.212367 0.311005 0.021557 0.029880
14 0.202812 0.378778 0.020927 0.034463
8 0.027737 0.616634 0.030620 0.044861
12 0.009833 0.441269 0.015094 0.032185
10 0.147844 0.295685 0.014719 0.027074
