17 0.856297 0.577736 0.039885 0.039583
16 0.862263 0.455069 0.038036 0.039583
15 0.867253 0.364185 0.038964 0.036278
20 0.673112 0.432546 0.027828 0.054426
1 0.877109 0.211880 0.032469 0.032981
5 0.341654 0.224792 0.031922 0.041380
6 0.255469 0.295431 0.022896 0.029843
18 0.241344 0.365264 0.018323 0.039083
0 0.233130 0.147981 0.026063 0.034519
4 0.144094 0.202167 0.019635 0.025278
7 0.114516 0.417958 0.023563 0.035083
11 0.111539 0.266894 0.021557 0.029880
14 0.104229 0.337097 0.020208 0.034287
10 0.048292 0.255148 0.014719 0.027074
