17 0.825331 0.557407 0.039891 0.039574
16 0.829867 0.427116 0.038036 0.039583
15 0.834857 0.342162 0.038964 0.036287
20 0.643576 0.409676 0.027828 0.054426
1 0.843284 0.191546 0.032464 0.032981
5 0.310688 0.206162 0.031927 0.041380
6 0.223549 0.279338 0.022891 0.029843
18 0.217523 0.342398 0.018328 0.039074
0 0.201211 0.130194 0.026057 0.034519
4 0.106937 0.185222 0.019635 0.025278
7 0.081164 0.402301 0.017839 0.032565
11 0.074857 0.251653 0.021557 0.029880
14 0.071115 0.322287 0.016865 0.033463
10 0.013432 0.239093 0.014719 0.027074
