17 0.836391 0.564667 0.039885 0.039574
16 0.841437 0.437102 0.038031 0.039574
15 0.846424 0.350028 0.038964 0.036278
20 0.654128 0.417843 0.027828 0.054426
1 0.855365 0.198810 0.032469 0.032991
5 0.321745 0.212810 0.031927 0.041380
6 0.234951 0.285088 0.022891 0.029843
18 0.226031 0.350565 0.018323 0.039074
0 0.212612 0.136546 0.026057 0.034519
4 0.120208 0.191278 0.019635 0.025278
7 0.093076 0.407889 0.019880 0.033463
11 0.087958 0.257097 0.021563 0.029880
14 0.082943 0.327574 0.018063 0.033759
10 0.025880 0.244824 0.014719 0.027074
