17 0.787122 0.529505 0.039891 0.039583
16 0.793021 0.404736 0.038031 0.039583
15 0.796393 0.324458 0.038964 0.036287
19 0.988924 0.446662 0.022151 0.065880
20 0.609940 0.389167 0.027828 0.054426
1 0.805260 0.175620 0.032469 0.032981
5 0.276117 0.191144 0.031922 0.041380
6 0.186742 0.267125 0.022891 0.029843
18 0.174437 0.336546 0.018323 0.039074
0 0.166391 0.119824 0.026635 0.037537
4 0.071401 0.173324 0.019635 0.025278
7 0.047854 0.394602 0.017021 0.032204
11 0.043661 0.241801 0.018396 0.029472
14 0.034383 0.315116 0.016391 0.033343
