17 0.956406 0.655324 0.039885 0.039574
16 0.964617 0.529199 0.038036 0.039583
15 0.971268 0.436880 0.038964 0.036278
20 0.770513 0.496556 0.027828 0.054426
1 0.981615 0.284046 0.032469 0.032981
5 0.439182 0.279449 0.029354 0.040250
6 0.353935 0.345514 0.022891 0.029843
18 0.338906 0.414829 0.018323 0.039083
0 0.335938 0.201713 0.026062 0.034519
4 0.247375 0.252102 0.019646 0.025278
7 0.214490 0.459407 0.024792 0.035630
11 0.215273 0.314171 0.021557 0.029880
14 0.205076 0.382796 0.020922 0.034463
8 0.029115 0.620486 0.030625 0.044861
12 0.011609 0.444713 0.015094 0.032185
10 0.154094 0.300389 0.014719 0.027074
