17 0.954328 0.651134 0.039885 0.039583
16 0.962539 0.526491 0.038036 0.039574
15 0.969049 0.434667 0.038964 0.036278
20 0.768852 0.495079 0.027828 0.054417
1 0.979815 0.282324 0.032464 0.032981
5 0.438073 0.275755 0.029354 0.040250
6 0.351578 0.341819 0.022896 0.029843
18 0.335997 0.413597 0.018328 0.039083
0 0.334135 0.198509 0.026062 0.034519
4 0.244604 0.249389 0.019646 0.025278
7 0.212411 0.457194 0.024792 0.035630
11 0.212781 0.311458 0.021563 0.029880
14 0.203135 0.379352 0.020927 0.034463
8 0.027932 0.617185 0.030625 0.044870
12 0.010089 0.441759 0.015094 0.032185
10 0.149453 0.296370 0.014719 0.027074
