17 0.858510 0.579185 0.039885 0.039574
16 0.864578 0.457065 0.038031 0.039574
15 0.869565 0.365755 0.038964 0.036287
20 0.675224 0.434176 0.027833 0.054426
1 0.879526 0.213329 0.032469 0.032991
5 0.343865 0.226125 0.031927 0.041380
6 0.257747 0.296579 0.022891 0.029843
18 0.243044 0.366898 0.018328 0.039074
0 0.235409 0.149250 0.026057 0.034519
4 0.146750 0.203370 0.019635 0.025278
7 0.116898 0.419079 0.023974 0.035269
11 0.114159 0.267986 0.021557 0.029880
14 0.106594 0.338153 0.020448 0.034343
10 0.050781 0.256287 0.014719 0.027074
