17 0.954674 0.651833 0.039891 0.039574
16 0.962885 0.526944 0.038031 0.039574
15 0.969419 0.435037 0.038964 0.036278
20 0.769128 0.495324 0.027828 0.054426
1 0.980115 0.282611 0.032469 0.032981
5 0.438260 0.276370 0.029354 0.040241
6 0.351971 0.342431 0.022891 0.029843
18 0.336482 0.413801 0.018328 0.039083
0 0.334435 0.199046 0.026057 0.034519
4 0.245062 0.249843 0.019646 0.025278
7 0.212755 0.457565 0.024792 0.035630
11 0.213195 0.311912 0.021557 0.029880
14 0.203458 0.379926 0.020927 0.034463
8 0.028130 0.617736 0.030625 0.044861
12 0.010339 0.442250 0.015094 0.032185
10 0.151063 0.297056 0.014719 0.027074
