17 0.768664 0.524847 0.039891 0.039583
16 0.774034 0.399907 0.038036 0.039574
15 0.777596 0.318329 0.038964 0.036287
19 0.971607 0.438153 0.025661 0.065880
20 0.593323 0.385259 0.027833 0.054426
1 0.784917 0.171639 0.032469 0.032981
5 0.258289 0.188097 0.031922 0.041380
6 0.168815 0.265542 0.022891 0.029843
18 0.156318 0.335454 0.018323 0.039074
0 0.147583 0.117884 0.026719 0.037972
4 0.053458 0.172176 0.019635 0.025278
7 0.030589 0.392880 0.017021 0.032204
11 0.026398 0.238181 0.015682 0.029139
14 0.016924 0.312356 0.016391 0.033343
