17 0.893159 0.609273 0.039891 0.039583
16 0.900854 0.478759 0.038031 0.039574
15 0.906201 0.389130 0.038964 0.036278
20 0.708247 0.453880 0.027828 0.054426
1 0.915648 0.238991 0.032464 0.032981
5 0.378161 0.243014 0.030510 0.040750
6 0.292180 0.312787 0.022891 0.029833
18 0.278096 0.381546 0.018328 0.039074
0 0.271620 0.166333 0.026062 0.034519
4 0.183708 0.220333 0.019635 0.025278
7 0.152245 0.430796 0.024792 0.035630
11 0.152826 0.282801 0.021557 0.029880
14 0.142974 0.352278 0.020927 0.034463
10 0.087620 0.271278 0.014719 0.027074
