17 0.817836 0.550769 0.039891 0.039574
16 0.822169 0.420542 0.038036 0.039583
15 0.827138 0.337486 0.038964 0.036287
20 0.635961 0.404111 0.027828 0.054426
1 0.835721 0.187111 0.032464 0.032981
5 0.303677 0.202921 0.031927 0.041380
6 0.216727 0.275315 0.022891 0.029833
18 0.209432 0.339995 0.018323 0.039083
0 0.194388 0.127083 0.026057 0.034519
4 0.100010 0.181944 0.019635 0.025278
7 0.074297 0.399194 0.017021 0.032204
11 0.068161 0.248606 0.021562 0.029880
14 0.063477 0.319713 0.016391 0.033352
10 0.008552 0.238157 0.014719 0.027074
