17 0.808622 0.539560 0.039891 0.039583
16 0.812956 0.412782 0.038036 0.039583
15 0.817872 0.332889 0.038964 0.036278
20 0.625779 0.397213 0.027828 0.054426
1 0.827531 0.182519 0.032469 0.032981
5 0.295917 0.201199 0.031927 0.041380
6 0.209938 0.270144 0.022896 0.029843
18 0.195370 0.342579 0.018323 0.039083
0 0.187599 0.125356 0.026062 0.034509
4 0.095161 0.179361 0.019635 0.025278
7 0.067992 0.396611 0.017016 0.032204
11 0.063797 0.246023 0.021562 0.029880
14 0.054747 0.318333 0.016391 0.033352
