17 0.777898 0.526782 0.039891 0.039583
16 0.783422 0.402116 0.038031 0.039583
15 0.787065 0.321778 0.038964 0.036278
19 0.981318 0.441880 0.024917 0.065889
20 0.601935 0.386917 0.027828 0.054426
1 0.794536 0.174259 0.032469 0.032981
5 0.267289 0.189060 0.031922 0.041380
6 0.177583 0.266236 0.022896 0.029843
18 0.165396 0.335593 0.018323 0.039074
0 0.157047 0.118579 0.026719 0.037972
4 0.062187 0.172343 0.019635 0.025278
7 0.039221 0.393741 0.017016 0.032204
11 0.035031 0.239991 0.017042 0.029315
14 0.025654 0.313736 0.016391 0.033343
