17 0.849661 0.573380 0.039885 0.039574
16 0.855320 0.449079 0.038036 0.039583
15 0.860310 0.359463 0.038964 0.036278
20 0.666784 0.427644 0.027828 0.054417
1 0.869859 0.207519 0.032469 0.032981
5 0.335018 0.220801 0.031922 0.041380
6 0.248628 0.291986 0.022891 0.029843
18 0.236240 0.360366 0.018323 0.039083
0 0.226289 0.144167 0.026057 0.034519
4 0.136135 0.198537 0.019635 0.025278
7 0.107370 0.414606 0.022333 0.034546
11 0.103680 0.263625 0.021557 0.029880
14 0.097133 0.333926 0.019495 0.034111
10 0.040818 0.251704 0.014719 0.027074
