17 0.956060 0.654625 0.039891 0.039583
16 0.964271 0.528750 0.038031 0.039574
15 0.970898 0.436514 0.038964 0.036287
20 0.770237 0.496310 0.027828 0.054417
1 0.981315 0.283759 0.032464 0.032981
5 0.438997 0.278833 0.029349 0.040241
6 0.353539 0.344894 0.022891 0.029843
18 0.338422 0.414625 0.018323 0.039083
0 0.335635 0.201176 0.026063 0.034519
4 0.246911 0.251648 0.019646 0.025278
7 0.214141 0.459037 0.024792 0.035630
11 0.214859 0.313718 0.021563 0.029880
14 0.204753 0.382222 0.020922 0.034463
8 0.028917 0.619931 0.030625 0.044861
12 0.011357 0.444222 0.015089 0.032185
10 0.153740 0.299722 0.014719 0.027074
