17 0.793266 0.532375 0.039885 0.039583
16 0.799701 0.407032 0.038036 0.039583
15 0.802424 0.325222 0.038964 0.036278
20 0.614466 0.391468 0.027828 0.054417
1 0.813880 0.174852 0.032469 0.032981
5 0.281776 0.194014 0.031927 0.041380
6 0.193367 0.267986 0.022891 0.029843
18 0.180419 0.338273 0.018328 0.039083
0 0.172451 0.121403 0.026474 0.036676
4 0.078193 0.175046 0.019635 0.025278
7 0.053607 0.395176 0.017016 0.032204
11 0.049414 0.243009 0.019297 0.029593
14 0.040201 0.316037 0.016391 0.033352
