17 0.884917 0.601856 0.039885 0.039583
16 0.892221 0.473931 0.038036 0.039583
15 0.897471 0.383616 0.038964 0.036287
20 0.700393 0.449398 0.027828 0.054426
1 0.907115 0.232787 0.032469 0.032981
5 0.370016 0.239130 0.030896 0.040926
6 0.284034 0.308995 0.022891 0.029843
18 0.269466 0.378440 0.018328 0.039083
0 0.262987 0.162370 0.026057 0.034519
4 0.175078 0.216370 0.019635 0.025278
7 0.143906 0.428213 0.024792 0.035630
11 0.143711 0.279356 0.021557 0.029880
14 0.134344 0.349009 0.020927 0.034463
10 0.078661 0.267806 0.014719 0.027074
