17 0.845237 0.570477 0.039891 0.039583
16 0.850693 0.445088 0.038031 0.039583
15 0.855680 0.356319 0.038964 0.036287
20 0.662565 0.424375 0.027828 0.054417
1 0.865029 0.204620 0.032464 0.032981
5 0.330594 0.218134 0.031927 0.041380
6 0.244070 0.289681 0.022891 0.029843
18 0.232836 0.357097 0.018328 0.039083
0 0.221732 0.141630 0.026057 0.034519
4 0.130823 0.196111 0.019635 0.025278
7 0.102604 0.412366 0.021521 0.034194
11 0.098440 0.261449 0.021557 0.029880
14 0.092404 0.331810 0.019016 0.033991
10 0.035839 0.249407 0.014719 0.027074
