17 0.971555 0.691282 0.039891 0.039583
16 0.979766 0.555884 0.038031 0.039583
15 0.985076 0.471778 0.038964 0.036278
20 0.782245 0.528250 0.027833 0.054426
1 1.000411 0.319394 0.032469 0.032991
5 0.453359 0.307528 0.029354 0.040241
6 0.363492 0.372440 0.022891 0.029843
18 0.356685 0.436833 0.018328 0.039074
0 0.348591 0.227657 0.026057 0.034519
4 0.258089 0.281657 0.019646 0.025278
7 0.229312 0.487407 0.024792 0.035630
11 0.226727 0.343727 0.021557 0.029880
14 0.216391 0.412111 0.020927 0.034463
8 0.038266 0.651218 0.030625 0.044861
12 0.024685 0.473889 0.018339 0.033889
10 0.165344 0.330648 0.014719 0.027074
