17 0.977573 0.723500 0.039885 0.039574
16 0.984188 0.594255 0.038031 0.039583
15 0.993273 0.509903 0.038964 0.036287
20 0.792591 0.564569 0.027828 0.054417
5 0.460922 0.343620 0.029354 0.040241
6 0.375068 0.412787 0.022896 0.029833
18 0.369682 0.475338 0.018323 0.039083
0 0.356995 0.271333 0.026063 0.034519
4 0.269984 0.317750 0.019646 0.025278
7 0.242182 0.524991 0.024792 0.035630
11 0.241273 0.374644 0.021557 0.029880
14 0.228544 0.449583 0.020922 0.034463
8 0.046497 0.683616 0.030620 0.044861
12 0.034456 0.505662 0.021589 0.035583
10 0.176193 0.367269 0.014719 0.027074
