17 0.975305 0.703412 0.039891 0.039583
16 0.988380 0.559648 0.038031 0.039574
15 0.990232 0.485088 0.038964 0.036287
20 0.785253 0.538764 0.027828 0.054417
5 0.454135 0.321667 0.029354 0.040241
6 0.366503 0.383532 0.022891 0.029843
18 0.362505 0.447463 0.018323 0.039074
0 0.352341 0.240639 0.026057 0.034519
4 0.262292 0.294870 0.019646 0.025278
7 0.231771 0.500565 0.024792 0.035630
11 0.229604 0.356542 0.021563 0.029880
14 0.220042 0.424009 0.020927 0.034463
8 0.040625 0.662481 0.030625 0.044870
12 0.026794 0.483935 0.021589 0.035593
10 0.168161 0.342981 0.014719 0.027074
