17 0.982169 0.723199 0.039891 0.039583
16 0.988318 0.593375 0.038031 0.039583
15 0.998560 0.509611 0.038964 0.036278
20 0.792591 0.561352 0.027828 0.054426
5 0.457302 0.338792 0.029354 0.040250
6 0.372352 0.405542 0.022891 0.029843
18 0.367872 0.471315 0.018328 0.039074
0 0.356995 0.263287 0.026063 0.034519
4 0.267271 0.312917 0.019646 0.025278
7 0.234937 0.518556 0.024792 0.035630
11 0.239013 0.373838 0.021557 0.029880
14 0.225375 0.442343 0.020927 0.034463
8 0.048391 0.679875 0.030625 0.044861
12 0.032646 0.500833 0.021583 0.035593
10 0.173719 0.362676 0.014719 0.027074
