17 0.977901 0.723477 0.039885 0.039583
16 0.984482 0.594190 0.038036 0.039583
15 0.993648 0.509880 0.038964 0.036278
20 0.792591 0.564343 0.027828 0.054426
5 0.460664 0.343273 0.029349 0.040250
6 0.374872 0.412273 0.022891 0.029843
18 0.369552 0.475051 0.018323 0.039083
0 0.356995 0.270759 0.026063 0.034519
4 0.269792 0.317407 0.019646 0.025278
7 0.241661 0.524537 0.024792 0.035630
11 0.241112 0.374588 0.021557 0.029880
14 0.228318 0.449065 0.020927 0.034463
8 0.046630 0.683347 0.030625 0.044861
12 0.034328 0.505315 0.021583 0.035593
10 0.176120 0.367037 0.014719 0.027074
