17 0.959177 0.660907 0.039885 0.039574
16 0.967388 0.532815 0.038036 0.039574
15 0.974221 0.439838 0.038964 0.036287
20 0.772732 0.498528 0.027828 0.054426
1 0.984018 0.286347 0.032464 0.032991
5 0.440661 0.284375 0.029354 0.040250
6 0.357076 0.350440 0.022891 0.029843
18 0.342786 0.416472 0.018323 0.039074
0 0.338339 0.205981 0.026062 0.034519
4 0.251068 0.255713 0.019646 0.025278
7 0.217260 0.462361 0.024792 0.035630
11 0.218602 0.317782 0.021557 0.029880
14 0.207661 0.387398 0.020927 0.034463
8 0.030687 0.624884 0.030625 0.044861
12 0.013641 0.448657 0.015094 0.032185
10 0.156943 0.305667 0.014719 0.027074
