17 0.976339 0.706398 0.039885 0.039574
16 0.987716 0.570236 0.038036 0.039583
15 0.991633 0.489056 0.038964 0.036278
20 0.785122 0.540833 0.027828 0.054426
5 0.454393 0.325806 0.029349 0.040241
6 0.367664 0.387903 0.022891 0.029843
18 0.363799 0.450912 0.018328 0.039083
0 0.353375 0.244778 0.026062 0.034519
4 0.263583 0.297176 0.019646 0.025278
7 0.231510 0.504472 0.024792 0.035630
11 0.230510 0.358606 0.021562 0.029880
14 0.221206 0.426537 0.020922 0.034463
8 0.041786 0.664319 0.030625 0.044861
12 0.027443 0.486236 0.021583 0.035583
10 0.168938 0.346333 0.014719 0.027074
