17 0.958138 0.658810 0.039891 0.039583
16 0.966349 0.531458 0.038031 0.039583
15 0.973117 0.438731 0.038964 0.036278
20 0.771898 0.497787 0.027828 0.054426
1 0.983117 0.285481 0.032464 0.032981
5 0.440104 0.282528 0.029354 0.040241
6 0.355898 0.348588 0.022891 0.029843
18 0.341331 0.415856 0.018328 0.039083
0 0.337438 0.204380 0.026062 0.034519
4 0.249682 0.254356 0.019646 0.025269
7 0.216219 0.461259 0.024792 0.035630
11 0.217352 0.316421 0.021557 0.029880
14 0.206693 0.385676 0.020927 0.034463
8 0.030099 0.623231 0.030625 0.044870
12 0.012880 0.447176 0.015094 0.032185
10 0.155875 0.303685 0.014719 0.027074
