17 0.963732 0.670940 0.039891 0.039583
16 0.971490 0.541458 0.038031 0.039583
15 0.978820 0.450611 0.038964 0.036278
20 0.775648 0.507157 0.027828 0.054426
1 0.988159 0.295139 0.032464 0.032981
5 0.445474 0.291667 0.029354 0.040241
6 0.360003 0.358532 0.022891 0.029843
18 0.347667 0.422523 0.018323 0.039083
0 0.342029 0.212944 0.026057 0.034519
4 0.254047 0.262750 0.019646 0.025278
7 0.221359 0.469880 0.024792 0.035630
11 0.222073 0.324819 0.021562 0.029880
14 0.210990 0.394926 0.020927 0.034463
8 0.033740 0.632713 0.030625 0.044870
12 0.017828 0.456657 0.015094 0.032185
10 0.160531 0.313509 0.014719 0.027074
