17 0.974786 0.701917 0.039885 0.039574
16 0.987779 0.559292 0.038036 0.039583
15 0.989591 0.483093 0.038964 0.036278
20 0.785315 0.537731 0.027828 0.054426
5 0.454005 0.319597 0.029354 0.040250
6 0.365919 0.381347 0.022891 0.029843
18 0.361859 0.445741 0.018323 0.039074
0 0.351823 0.238574 0.026062 0.034519
4 0.261646 0.293722 0.019646 0.025278
7 0.231901 0.498611 0.024792 0.035630
11 0.229154 0.355505 0.021557 0.029880
14 0.219461 0.422741 0.020922 0.034463
8 0.040042 0.661560 0.030625 0.044861
12 0.026469 0.482787 0.021583 0.035593
10 0.167760 0.341213 0.014719 0.027074
