17 0.967352 0.679218 0.039891 0.039583
16 0.974594 0.549273 0.038031 0.039583
15 0.982383 0.461231 0.038964 0.036278
20 0.777719 0.515894 0.027833 0.054417
1 0.991521 0.303880 0.032469 0.032981
5 0.450125 0.297185 0.029354 0.040241
6 0.361555 0.364968 0.022891 0.029843
18 0.351029 0.428500 0.018328 0.039074
0 0.344872 0.218463 0.026057 0.034519
4 0.255339 0.268722 0.019646 0.025278
7 0.224464 0.476778 0.024792 0.035630
11 0.224143 0.330792 0.021557 0.029880
14 0.213318 0.400903 0.020927 0.034472
8 0.036326 0.639148 0.030620 0.044870
12 0.021448 0.463556 0.015094 0.032185
10 0.162516 0.320333 0.014719 0.027074
