17 0.965992 0.676111 0.039891 0.039574
16 0.973430 0.546343 0.038036 0.039574
15 0.981044 0.457250 0.038964 0.036278
20 0.776943 0.512616 0.027833 0.054417
1 0.990260 0.300602 0.032469 0.032981
5 0.448380 0.295111 0.029354 0.040241
6 0.360971 0.362560 0.022891 0.029843
18 0.349768 0.426255 0.018328 0.039083
0 0.343805 0.216389 0.026057 0.034519
4 0.254854 0.266481 0.019646 0.025278
7 0.223302 0.474185 0.024792 0.035630
11 0.223367 0.328551 0.021557 0.029880
14 0.212445 0.398657 0.020922 0.034463
8 0.035354 0.636736 0.030625 0.044861
12 0.020089 0.460972 0.015094 0.032185
10 0.161771 0.317778 0.014719 0.027074
