17 0.973753 0.698931 0.039891 0.039583
16 0.984937 0.558181 0.038031 0.039583
15 0.988305 0.479097 0.038964 0.036287
20 0.785445 0.535662 0.027828 0.054417
5 0.453745 0.315458 0.029354 0.040250
6 0.364755 0.376981 0.022896 0.029833
18 0.360565 0.442292 0.018328 0.039083
0 0.350789 0.234435 0.026057 0.034519
4 0.260349 0.291426 0.019646 0.025278
7 0.232156 0.494704 0.024792 0.035630
11 0.228247 0.353440 0.021557 0.029880
14 0.218297 0.420213 0.020927 0.034463
8 0.038878 0.659722 0.030620 0.044870
12 0.025823 0.480491 0.021583 0.035593
10 0.166953 0.337694 0.014719 0.027074
