17 0.981513 0.723241 0.039891 0.039574
16 0.987727 0.593500 0.038036 0.039574
15 0.997805 0.509648 0.038964 0.036278
20 0.792591 0.561815 0.027828 0.054426
5 0.457818 0.339481 0.029354 0.040241
6 0.372740 0.406579 0.022896 0.029843
18 0.368130 0.471889 0.018323 0.039074
0 0.356995 0.264435 0.026063 0.034519
4 0.267656 0.313611 0.019646 0.025278
7 0.235974 0.519472 0.024792 0.035630
11 0.239336 0.373958 0.021557 0.029880
14 0.225828 0.443375 0.020927 0.034472
8 0.048120 0.680407 0.030625 0.044870
12 0.032904 0.501523 0.021589 0.035583
10 0.174104 0.363370 0.014719 0.027074
