17 0.964635 0.673009 0.039885 0.039574
16 0.972266 0.543412 0.038031 0.039583
15 0.979711 0.453269 0.038964 0.036278
20 0.776167 0.509338 0.027833 0.054417
1 0.989000 0.297324 0.032469 0.032981
5 0.446635 0.293046 0.029354 0.040241
6 0.360391 0.360144 0.022896 0.029843
18 0.348508 0.424014 0.018328 0.039083
0 0.342740 0.214324 0.026063 0.034519
4 0.254370 0.264241 0.019646 0.025278
7 0.222135 0.471602 0.024792 0.035630
11 0.222591 0.326310 0.021557 0.029880
14 0.211573 0.396417 0.020927 0.034463
8 0.034385 0.634319 0.030625 0.044861
12 0.018732 0.458380 0.015089 0.032185
10 0.161026 0.315213 0.014719 0.027074
