17 0.970445 0.687343 0.039891 0.039574
16 0.977919 0.554898 0.038036 0.039574
15 0.983414 0.468162 0.038964 0.036287
20 0.780398 0.524306 0.027828 0.054426
1 0.996531 0.313648 0.032469 0.032981
5 0.453174 0.303588 0.029349 0.040250
6 0.362940 0.370468 0.022891 0.029843
18 0.354654 0.434204 0.018328 0.039074
0 0.347482 0.224370 0.026057 0.034519
4 0.256979 0.276398 0.019646 0.025278
7 0.227651 0.483796 0.024792 0.035630
11 0.225987 0.338468 0.021557 0.029880
14 0.215466 0.407843 0.020922 0.034463
8 0.038078 0.646620 0.030625 0.044870
12 0.024128 0.470449 0.016484 0.032917
10 0.164495 0.327157 0.014719 0.027074
