17 0.960562 0.663699 0.039885 0.039583
16 0.968773 0.534620 0.038036 0.039574
15 0.975701 0.441315 0.038964 0.036278
20 0.773841 0.499509 0.027828 0.054426
1 0.985219 0.287500 0.032469 0.032981
5 0.441398 0.286838 0.029349 0.040250
6 0.358643 0.352903 0.022891 0.029843
18 0.344724 0.417292 0.018323 0.039083
0 0.339539 0.208111 0.026057 0.034519
4 0.252917 0.257519 0.019646 0.025278
7 0.218646 0.463843 0.024792 0.035630
11 0.220263 0.319588 0.021557 0.029880
14 0.208953 0.389694 0.020927 0.034463
8 0.031477 0.627079 0.030620 0.044861
12 0.014659 0.450625 0.015089 0.032176
10 0.158365 0.308306 0.014719 0.027074
