17 0.967805 0.680250 0.039891 0.039574
16 0.974982 0.550250 0.038036 0.039574
15 0.982826 0.462565 0.038964 0.036278
20 0.777977 0.516981 0.027828 0.054426
1 0.991943 0.304972 0.032469 0.032981
5 0.450708 0.297870 0.029354 0.040241
6 0.361747 0.365773 0.022891 0.029843
18 0.351448 0.429245 0.018323 0.039083
0 0.345229 0.219148 0.026062 0.034519
4 0.255500 0.269472 0.019646 0.025278
7 0.224854 0.477639 0.024792 0.035630
11 0.224398 0.331542 0.021557 0.029880
14 0.213609 0.401648 0.020927 0.034463
8 0.036648 0.639954 0.030620 0.044870
12 0.021901 0.464417 0.015094 0.032185
10 0.162760 0.321185 0.014719 0.027074
