17 0.971000 0.689315 0.039885 0.039574
16 0.978841 0.555394 0.038036 0.039583
15 0.984247 0.469968 0.038964 0.036287
20 0.781320 0.526278 0.027828 0.054426
1 0.998471 0.316519 0.032464 0.032981
5 0.453266 0.305556 0.029354 0.040241
6 0.363216 0.371458 0.022891 0.029843
18 0.355669 0.435519 0.018328 0.039074
0 0.348036 0.226009 0.026062 0.034519
4 0.257534 0.279028 0.019641 0.025278
7 0.228484 0.485602 0.024792 0.035630
11 0.226357 0.341097 0.021557 0.029880
14 0.215927 0.409972 0.020927 0.034463
8 0.038172 0.648921 0.030625 0.044861
12 0.024409 0.472171 0.017411 0.033398
10 0.164943 0.328889 0.014719 0.027074
