17 0.979010 0.713838 0.039885 0.039583
16 0.987919 0.586005 0.038036 0.039583
15 0.996010 0.498782 0.038969 0.036287
20 0.785385 0.546556 0.027833 0.054426
5 0.455068 0.335278 0.029354 0.040241
6 0.370378 0.398139 0.022891 0.029833
18 0.366753 0.459495 0.018328 0.039083
0 0.355794 0.254583 0.026057 0.034519
4 0.266495 0.303000 0.019646 0.025278
7 0.231068 0.513519 0.024792 0.035630
11 0.232961 0.364005 0.021557 0.029880
14 0.223870 0.432796 0.020927 0.034463
8 0.044729 0.669199 0.030625 0.044861
12 0.029125 0.491981 0.021583 0.035593
10 0.170641 0.353491 0.014719 0.027074
