17 0.980729 0.717403 0.039885 0.039583
16 0.988906 0.589181 0.038031 0.039583
15 0.998201 0.503648 0.038964 0.036278
20 0.788156 0.551894 0.027833 0.054417
5 0.455531 0.336097 0.029354 0.040250
6 0.370836 0.400190 0.022891 0.029843
18 0.366984 0.463597 0.018323 0.039083
0 0.356258 0.257046 0.026057 0.034519
4 0.266495 0.306287 0.019646 0.025278
7 0.231760 0.514750 0.024792 0.035630
11 0.235039 0.367699 0.021557 0.029880
14 0.224102 0.435676 0.020922 0.034463
8 0.046346 0.672894 0.030620 0.044861
12 0.030281 0.494856 0.021583 0.035583
10 0.171490 0.357065 0.014719 0.027074
