17 0.981841 0.723218 0.039891 0.039583
16 0.988023 0.593435 0.038036 0.039574
15 0.998180 0.509630 0.038964 0.036278
20 0.792591 0.561583 0.027828 0.054426
5 0.457562 0.339139 0.029354 0.040241
6 0.372544 0.406060 0.022891 0.029843
18 0.368000 0.471602 0.018323 0.039074
0 0.356995 0.263861 0.026063 0.034519
4 0.267464 0.313269 0.019646 0.025278
7 0.235458 0.519019 0.024792 0.035630
11 0.239174 0.373894 0.021557 0.029880
14 0.225602 0.442861 0.020922 0.034463
8 0.048255 0.680144 0.030625 0.044861
12 0.032776 0.501181 0.021583 0.035583
10 0.173911 0.363019 0.014719 0.027074
