17 0.964182 0.671972 0.039885 0.039574
16 0.971878 0.542435 0.038036 0.039574
15 0.979263 0.451940 0.038964 0.036287
20 0.775909 0.508250 0.027828 0.054426
1 0.988581 0.296231 0.032464 0.032981
5 0.446052 0.292356 0.029354 0.040250
6 0.360195 0.359338 0.022891 0.029843
18 0.348086 0.423269 0.018328 0.039074
0 0.342383 0.213630 0.026057 0.034519
4 0.254208 0.263491 0.019646 0.025278
7 0.221750 0.470741 0.024792 0.035630
11 0.222331 0.325560 0.021557 0.029880
14 0.211281 0.395676 0.020927 0.034463
8 0.034063 0.633514 0.030625 0.044861
12 0.018281 0.457519 0.015094 0.032185
10 0.160781 0.314361 0.014719 0.027074
