17 0.976260 0.723588 0.039885 0.039583
16 0.983008 0.594505 0.038036 0.039583
15 0.991763 0.509986 0.038964 0.036287
20 0.792365 0.565731 0.027833 0.054426
5 0.460898 0.344574 0.029349 0.040241
6 0.375117 0.414218 0.022891 0.029843
18 0.368984 0.476810 0.018323 0.039083
0 0.356771 0.272778 0.026062 0.034519
4 0.270203 0.318935 0.019646 0.025278
7 0.242427 0.526315 0.024792 0.035630
11 0.241260 0.375356 0.021563 0.029880
14 0.228453 0.450778 0.020927 0.034463
8 0.045956 0.684685 0.030620 0.044870
12 0.034602 0.507352 0.021589 0.035593
10 0.176505 0.368185 0.014719 0.027074
