17 0.961016 0.664731 0.039885 0.039574
16 0.969161 0.535597 0.038031 0.039583
15 0.976148 0.442644 0.038964 0.036287
20 0.774099 0.500602 0.027833 0.054426
1 0.985638 0.288588 0.032464 0.032991
5 0.441979 0.287528 0.029354 0.040241
6 0.358839 0.353708 0.022896 0.029843
18 0.345146 0.418042 0.018323 0.039083
0 0.339893 0.208806 0.026057 0.034519
4 0.253078 0.258269 0.019646 0.025278
7 0.219031 0.464704 0.024792 0.035630
11 0.220521 0.320338 0.021563 0.029880
14 0.209245 0.390444 0.020927 0.034463
8 0.031799 0.627884 0.030620 0.044861
12 0.015109 0.451491 0.015094 0.032185
10 0.158721 0.308972 0.014714 0.027074
