17 0.972385 0.694241 0.039885 0.039574
16 0.981151 0.556625 0.038031 0.039583
15 0.986326 0.474486 0.038964 0.036287
20 0.783630 0.531204 0.027833 0.054426
1 1.001380 0.320833 0.032469 0.032981
5 0.453497 0.310481 0.029349 0.040241
6 0.363909 0.373921 0.022891 0.029843
18 0.358211 0.438801 0.018328 0.039083
0 0.349422 0.230120 0.026062 0.034519
4 0.258919 0.285593 0.019641 0.025278
7 0.230563 0.490120 0.024792 0.035630
11 0.227281 0.347662 0.021562 0.029880
14 0.217083 0.415315 0.020927 0.034463
8 0.038404 0.654667 0.030620 0.044870
12 0.025104 0.476472 0.019729 0.034611
10 0.165948 0.333296 0.014719 0.027074
