17 0.982451 0.720968 0.039891 0.039583
16 0.989891 0.592361 0.038031 0.039574
15 1.000388 0.508509 0.038964 0.036278
20 0.790927 0.557231 0.027833 0.054426
5 0.455990 0.336921 0.029354 0.040250
6 0.371299 0.402245 0.022891 0.029843
18 0.367216 0.467704 0.018328 0.039074
0 0.356719 0.259509 0.026062 0.034519
4 0.266495 0.309574 0.019646 0.025278
7 0.232453 0.515981 0.024792 0.035630
11 0.237117 0.371394 0.021557 0.029880
14 0.224333 0.438546 0.020927 0.034463
8 0.047964 0.676588 0.030625 0.044861
12 0.031435 0.497731 0.021589 0.035593
10 0.172365 0.360269 0.014719 0.027074
