17 0.969893 0.685375 0.039891 0.039583
16 0.976995 0.554407 0.038031 0.039574
15 0.982581 0.466356 0.038964 0.036287
20 0.779474 0.522338 0.027833 0.054417
1 0.994594 0.310773 0.032469 0.032991
5 0.453083 0.301616 0.029354 0.040250
6 0.362664 0.369486 0.022891 0.029843
18 0.353638 0.432894 0.018328 0.039083
0 0.346927 0.222731 0.026062 0.034519
4 0.256427 0.273773 0.019646 0.025269
7 0.226818 0.481991 0.024792 0.035630
11 0.225620 0.335838 0.021562 0.029880
14 0.215005 0.405704 0.020927 0.034463
8 0.037987 0.644319 0.030620 0.044861
12 0.023852 0.468727 0.015557 0.032435
10 0.164000 0.325454 0.014719 0.027074
