17 0.969161 0.683352 0.039885 0.039574
16 0.976143 0.553181 0.038036 0.039583
15 0.984164 0.466546 0.038964 0.036278
20 0.778753 0.520259 0.027828 0.054426
1 0.993203 0.308241 0.032469 0.032981
5 0.452453 0.299940 0.029354 0.040250
6 0.362331 0.368190 0.022891 0.029843
18 0.352711 0.431486 0.018328 0.039083
0 0.346294 0.221222 0.026057 0.034519
4 0.255984 0.271713 0.019646 0.025278
7 0.226016 0.480222 0.024792 0.035630
11 0.225174 0.333782 0.021557 0.029880
14 0.214482 0.403889 0.020922 0.034463
8 0.037620 0.642366 0.030625 0.044861
12 0.023258 0.467005 0.015089 0.032176
10 0.163505 0.323741 0.014719 0.027074
