17 0.982826 0.723153 0.039891 0.039583
16 0.988906 0.593245 0.038031 0.039583
15 0.999315 0.509565 0.038964 0.036278
20 0.792591 0.560894 0.027828 0.054417
5 0.456786 0.338102 0.029354 0.040241
6 0.371966 0.404514 0.022891 0.029843
18 0.367612 0.470741 0.018328 0.039074
0 0.356995 0.262139 0.026063 0.034519
4 0.266880 0.312231 0.019646 0.025278
7 0.233906 0.517639 0.024792 0.035630
11 0.238690 0.373727 0.021557 0.029880
14 0.224924 0.441306 0.020922 0.034463
8 0.048661 0.679338 0.030625 0.044861
12 0.032385 0.500144 0.021583 0.035583
10 0.173333 0.361991 0.014719 0.027074
