17 0.965542 0.675079 0.039885 0.039583
16 0.973042 0.545366 0.038031 0.039583
15 0.980602 0.455921 0.038964 0.036287
20 0.776685 0.511523 0.027828 0.054417
1 0.989841 0.299509 0.032464 0.032981
5 0.447799 0.294426 0.029349 0.040241
6 0.360779 0.361755 0.022891 0.029843
18 0.349349 0.425509 0.018323 0.039074
0 0.343451 0.215704 0.026057 0.034519
4 0.254693 0.265731 0.019646 0.025278
7 0.222911 0.473324 0.024792 0.035630
11 0.223107 0.327801 0.021557 0.029880
14 0.212154 0.397917 0.020922 0.034463
8 0.035031 0.635931 0.030625 0.044861
12 0.019635 0.460111 0.015094 0.032185
10 0.161521 0.316926 0.014719 0.027074
