17 0.966445 0.677144 0.039891 0.039583
16 0.973818 0.547319 0.038031 0.039583
15 0.981492 0.458579 0.038964 0.036287
20 0.777201 0.513708 0.027828 0.054417
1 0.990682 0.301694 0.032469 0.032981
5 0.448964 0.295806 0.029354 0.040241
6 0.361164 0.363361 0.022891 0.029833
18 0.350187 0.427005 0.018323 0.039083
0 0.344161 0.217083 0.026062 0.034519
4 0.255016 0.267231 0.019646 0.025278
7 0.223688 0.475046 0.024792 0.035630
11 0.223625 0.329301 0.021562 0.029880
14 0.212737 0.399407 0.020922 0.034463
8 0.035677 0.637542 0.030625 0.044861
12 0.020542 0.461833 0.015094 0.032185
10 0.162016 0.318630 0.014719 0.027074
