17 0.972940 0.696208 0.039891 0.039583
16 0.982076 0.557116 0.038036 0.039583
15 0.987154 0.476292 0.038964 0.036287
20 0.784555 0.533176 0.027828 0.054426
1 1.001380 0.320833 0.032469 0.032981
5 0.453589 0.312454 0.029354 0.040241
6 0.364185 0.374903 0.022891 0.029843
18 0.359227 0.440116 0.018328 0.039083
0 0.349977 0.231759 0.026057 0.034519
4 0.259474 0.288222 0.019646 0.025278
7 0.231391 0.491926 0.024792 0.035630
11 0.227651 0.350292 0.021563 0.029880
14 0.217544 0.417444 0.020922 0.034463
8 0.038495 0.656968 0.030625 0.044861
12 0.025385 0.478190 0.020656 0.035102
10 0.166352 0.335056 0.014714 0.027074
