17 0.983154 0.723134 0.039891 0.039583
16 0.989203 0.593185 0.038031 0.039574
15 0.999693 0.509546 0.038969 0.036278
20 0.792591 0.560662 0.027828 0.054417
5 0.456526 0.337759 0.029354 0.040241
6 0.371768 0.403995 0.022891 0.029843
18 0.367484 0.470454 0.018323 0.039074
0 0.356995 0.261565 0.026063 0.034519
4 0.266687 0.311889 0.019646 0.025278
7 0.233385 0.517176 0.024792 0.035630
11 0.238529 0.373671 0.021557 0.029880
14 0.224698 0.440787 0.020927 0.034463
8 0.048797 0.679069 0.030625 0.044861
12 0.032255 0.499801 0.021583 0.035583
10 0.173138 0.361648 0.014714 0.027074
