17 0.958484 0.659509 0.039885 0.039574
16 0.966695 0.531912 0.038036 0.039583
15 0.973487 0.439102 0.038964 0.036278
20 0.772177 0.498032 0.027833 0.054417
1 0.983417 0.285769 0.032469 0.032981
5 0.440292 0.283144 0.029354 0.040250
6 0.356289 0.349208 0.022891 0.029843
18 0.341815 0.416060 0.018328 0.039083
0 0.337737 0.204917 0.026057 0.034519
4 0.250146 0.254806 0.019646 0.025278
7 0.216568 0.461630 0.024792 0.035630
11 0.217768 0.316875 0.021557 0.029880
14 0.207016 0.386250 0.020927 0.034463
8 0.030294 0.623782 0.030620 0.044861
12 0.013135 0.447667 0.015094 0.032185
10 0.156229 0.304352 0.014719 0.027074
