17 0.960216 0.663000 0.039891 0.039574
16 0.968427 0.534171 0.038031 0.039583
15 0.975331 0.440944 0.038964 0.036278
20 0.773563 0.499264 0.027833 0.054417
1 0.984917 0.287213 0.032469 0.032981
5 0.441214 0.286222 0.029354 0.040241
6 0.358253 0.352282 0.022891 0.029843
18 0.344240 0.417088 0.018323 0.039083
0 0.339240 0.207583 0.026062 0.034519
4 0.252453 0.257065 0.019646 0.025278
7 0.218297 0.463472 0.024792 0.035630
11 0.219846 0.319134 0.021557 0.029880
14 0.208630 0.389120 0.020927 0.034463
8 0.031279 0.626532 0.030620 0.044861
12 0.014406 0.450130 0.015094 0.032185
10 0.158010 0.307648 0.014719 0.027074
