17 0.975820 0.704907 0.039891 0.039574
16 0.988982 0.560005 0.038036 0.039583
15 0.990872 0.487083 0.038964 0.036278
20 0.785185 0.539801 0.027828 0.054417
5 0.454266 0.323731 0.029354 0.040241
6 0.367081 0.385718 0.022891 0.029843
18 0.363151 0.449190 0.018323 0.039083
0 0.352857 0.242713 0.026057 0.034519
4 0.262937 0.296023 0.019646 0.025269
7 0.231641 0.502519 0.024792 0.035630
11 0.230057 0.357579 0.021563 0.029880
14 0.220625 0.425269 0.020927 0.034463
8 0.041206 0.663403 0.030620 0.044861
12 0.027117 0.485088 0.021589 0.035583
10 0.168565 0.344741 0.014714 0.027074
