17 0.962826 0.668870 0.039891 0.039574
16 0.970714 0.539505 0.038031 0.039583
15 0.977930 0.447954 0.038964 0.036278
20 0.775133 0.504972 0.027828 0.054426
1 0.987320 0.292954 0.032464 0.032981
5 0.444307 0.290287 0.029354 0.040241
6 0.359615 0.356921 0.022896 0.029843
18 0.346826 0.421028 0.018328 0.039074
0 0.341318 0.211565 0.026063 0.034519
4 0.253724 0.261250 0.019646 0.025278
7 0.220583 0.468157 0.024792 0.035630
11 0.221555 0.323319 0.021557 0.029880
14 0.210409 0.393431 0.020922 0.034472
8 0.033094 0.631106 0.030625 0.044861
12 0.016922 0.454935 0.015094 0.032185
10 0.160036 0.311806 0.014719 0.027074
