17 0.971831 0.692269 0.039891 0.039574
16 0.980227 0.556130 0.038036 0.039574
15 0.985492 0.472676 0.038964 0.036278
20 0.782706 0.529231 0.027828 0.054426
1 1.001380 0.320833 0.032469 0.032981
5 0.453406 0.308514 0.029354 0.040250
6 0.363633 0.372931 0.022891 0.029843
18 0.357195 0.437486 0.018328 0.039083
0 0.348867 0.228472 0.026057 0.034519
4 0.258365 0.282972 0.019646 0.025278
7 0.229729 0.488310 0.024792 0.035620
11 0.226914 0.345042 0.021557 0.029880
14 0.216620 0.413176 0.020927 0.034463
8 0.038310 0.652366 0.030620 0.044861
12 0.024828 0.474750 0.018802 0.034130
10 0.165547 0.331528 0.014719 0.027074
