17 0.980385 0.716690 0.039885 0.039583
16 0.988708 0.588546 0.038031 0.039574
15 0.997763 0.502676 0.038964 0.036278
20 0.787602 0.550829 0.027828 0.054417
5 0.455438 0.335935 0.029354 0.040241
6 0.370745 0.399782 0.022896 0.029843
18 0.366937 0.462778 0.018323 0.039074
0 0.356164 0.256556 0.026057 0.034519
4 0.266495 0.305630 0.019646 0.025278
7 0.231625 0.514500 0.024792 0.035630
11 0.234625 0.366958 0.021563 0.029880
14 0.224055 0.435102 0.020922 0.034463
8 0.046023 0.672153 0.030620 0.044861
12 0.030049 0.494282 0.021589 0.035583
10 0.171318 0.356352 0.014719 0.027074
