17 0.979542 0.723370 0.039885 0.039574
16 0.985958 0.593875 0.038031 0.039583
15 0.995539 0.509778 0.038964 0.036278
20 0.792591 0.563190 0.027828 0.054417
5 0.459370 0.341551 0.029354 0.040250
6 0.373904 0.409681 0.022891 0.029843
18 0.368906 0.473616 0.018323 0.039083
0 0.356995 0.267880 0.026063 0.034519
4 0.268823 0.315676 0.019646 0.025278
7 0.239078 0.522231 0.024792 0.035630
11 0.240305 0.374301 0.021557 0.029880
14 0.227188 0.446481 0.020927 0.034463
8 0.047307 0.682014 0.030625 0.044861
12 0.033680 0.503593 0.021589 0.035593
10 0.175266 0.365426 0.014719 0.027074
