17 0.961466 0.665764 0.039891 0.039583
16 0.969549 0.536574 0.038036 0.039574
15 0.976591 0.443972 0.038964 0.036278
20 0.774357 0.501694 0.027828 0.054426
1 0.986057 0.289681 0.032469 0.032991
5 0.442563 0.288218 0.029354 0.040250
6 0.359034 0.354514 0.022891 0.029843
18 0.345565 0.418787 0.018328 0.039074
0 0.340250 0.209491 0.026062 0.034519
4 0.253240 0.259009 0.019646 0.025278
7 0.219422 0.465565 0.024792 0.035630
11 0.220779 0.321079 0.021557 0.029880
14 0.209536 0.391190 0.020927 0.034472
8 0.032122 0.628690 0.030620 0.044861
12 0.015562 0.452352 0.015094 0.032185
10 0.159078 0.309630 0.014719 0.027074
