17 0.958831 0.660208 0.039891 0.039583
16 0.967042 0.532361 0.038031 0.039574
15 0.973854 0.439468 0.038969 0.036287
20 0.772456 0.498278 0.027828 0.054426
1 0.983719 0.286056 0.032469 0.032981
5 0.440474 0.283759 0.029354 0.040241
6 0.356680 0.349819 0.022891 0.029843
18 0.342299 0.416264 0.018328 0.039083
0 0.338039 0.205444 0.026057 0.034519
4 0.250604 0.255259 0.019646 0.025278
7 0.216911 0.462000 0.024792 0.035630
11 0.218185 0.317329 0.021557 0.029880
14 0.207339 0.386824 0.020927 0.034463
8 0.030492 0.624329 0.030620 0.044861
12 0.013391 0.448162 0.015094 0.032176
10 0.156583 0.305009 0.014719 0.027074
