17 0.974529 0.701171 0.039891 0.039583
16 0.987479 0.559116 0.038031 0.039583
15 0.989268 0.482093 0.038964 0.036278
20 0.785346 0.537213 0.027828 0.054426
5 0.453943 0.318560 0.029354 0.040250
6 0.365628 0.380255 0.022891 0.029843
18 0.361536 0.444875 0.018323 0.039083
0 0.351565 0.237537 0.026057 0.034519
4 0.261323 0.293148 0.019646 0.025278
7 0.231964 0.497639 0.024792 0.035630
11 0.228924 0.354986 0.021557 0.029880
14 0.219169 0.422111 0.020922 0.034463
8 0.039750 0.661102 0.030625 0.044870
12 0.026307 0.482213 0.021583 0.035593
10 0.167557 0.340333 0.014719 0.027074
