17 0.965089 0.674042 0.039885 0.039583
16 0.972654 0.544389 0.038036 0.039574
15 0.980154 0.454593 0.038964 0.036278
20 0.776424 0.510431 0.027828 0.054417
1 0.989422 0.298417 0.032469 0.032981
5 0.447219 0.293731 0.029354 0.040241
6 0.360586 0.360949 0.022891 0.029843
18 0.348927 0.424764 0.018323 0.039083
0 0.343096 0.215009 0.026057 0.034519
4 0.254531 0.264991 0.019646 0.025278
7 0.222526 0.472463 0.024792 0.035630
11 0.222849 0.327060 0.021562 0.029880
14 0.211865 0.397167 0.020927 0.034463
8 0.034708 0.635125 0.030625 0.044861
12 0.019185 0.459245 0.015089 0.032176
10 0.161276 0.316065 0.014719 0.027074
