17 0.972109 0.693255 0.039885 0.039583
16 0.980690 0.556375 0.038036 0.039583
15 0.985909 0.473583 0.038964 0.036278
20 0.783169 0.530218 0.027828 0.054417
1 1.001380 0.320833 0.032469 0.032981
5 0.453453 0.309500 0.029354 0.040241
6 0.363771 0.373431 0.022896 0.029843
18 0.357703 0.438144 0.018323 0.039083
0 0.349146 0.229296 0.026062 0.034519
4 0.258641 0.284282 0.019646 0.025269
7 0.230146 0.489213 0.024792 0.035630
11 0.227096 0.346347 0.021557 0.029880
14 0.216852 0.414241 0.020922 0.034463
8 0.038357 0.653514 0.030620 0.044861
12 0.024966 0.475611 0.019266 0.034370
10 0.165750 0.332417 0.014719 0.027074
