17 0.974271 0.700421 0.039885 0.039583
16 0.987177 0.558935 0.038031 0.039574
15 0.988951 0.481093 0.038964 0.036278
20 0.785380 0.536694 0.027833 0.054426
5 0.453875 0.317528 0.029354 0.040241
6 0.365336 0.379162 0.022891 0.029843
18 0.361211 0.444014 0.018328 0.039083
0 0.351305 0.236505 0.026057 0.034509
4 0.260997 0.292574 0.019641 0.025278
7 0.232031 0.496657 0.024792 0.035630
11 0.228701 0.354468 0.021557 0.029880
14 0.218878 0.421481 0.020922 0.034463
8 0.039461 0.660644 0.030620 0.044861
12 0.026146 0.481639 0.021583 0.035593
10 0.167359 0.339454 0.014719 0.027074
