17 0.979870 0.723347 0.039885 0.039583
16 0.986253 0.593815 0.038036 0.039574
15 0.995914 0.509755 0.038964 0.036287
20 0.792591 0.562963 0.027828 0.054426
5 0.459115 0.341204 0.029354 0.040241
6 0.373711 0.409162 0.022891 0.029843
18 0.368776 0.473329 0.018323 0.039083
0 0.356995 0.267306 0.026063 0.034519
4 0.268625 0.315333 0.019646 0.025278
7 0.238557 0.521778 0.024792 0.035630
11 0.240143 0.374245 0.021557 0.029880
14 0.226961 0.445963 0.020922 0.034463
8 0.047443 0.681745 0.030625 0.044861
12 0.033552 0.503245 0.021583 0.035583
10 0.175073 0.365083 0.014719 0.027074
