17 0.981185 0.723264 0.039891 0.039583
16 0.987432 0.593560 0.038031 0.039583
15 0.997424 0.509671 0.038964 0.036287
20 0.792591 0.562042 0.027828 0.054417
5 0.458078 0.339824 0.029354 0.040241
6 0.372935 0.407097 0.022891 0.029843
18 0.368260 0.472181 0.018323 0.039083
0 0.356995 0.265009 0.026063 0.034519
4 0.267849 0.313954 0.019646 0.025278
7 0.236490 0.519935 0.024792 0.035630
11 0.239497 0.374014 0.021557 0.029880
14 0.226055 0.443889 0.020922 0.034463
8 0.047984 0.680676 0.030625 0.044870
12 0.033031 0.501870 0.021583 0.035593
10 0.174297 0.363713 0.014719 0.027074
