17 0.980201 0.723329 0.039891 0.039583
16 0.986547 0.593750 0.038031 0.039574
15 0.996294 0.509731 0.038964 0.036278
20 0.792591 0.562731 0.027828 0.054426
5 0.458854 0.340861 0.029354 0.040241
6 0.373516 0.408648 0.022896 0.029833
18 0.368648 0.473042 0.018328 0.039083
0 0.356995 0.266731 0.026063 0.034519
4 0.268432 0.314991 0.019646 0.025278
7 0.238042 0.521315 0.024792 0.035630
11 0.239982 0.374181 0.021557 0.029880
14 0.226734 0.445444 0.020927 0.034463
8 0.047578 0.681477 0.030625 0.044861
12 0.033422 0.502903 0.021583 0.035583
10 0.174880 0.364741 0.014719 0.027074
