17 0.980857 0.723282 0.039891 0.039583
16 0.987138 0.593625 0.038036 0.039583
15 0.997049 0.509694 0.038964 0.036278
20 0.792591 0.562273 0.027828 0.054417
5 0.458339 0.340171 0.029354 0.040250
6 0.373128 0.407616 0.022891 0.029843
18 0.368388 0.472468 0.018328 0.039083
0 0.356995 0.265583 0.026063 0.034519
4 0.268047 0.314296 0.019646 0.025278
7 0.237010 0.520398 0.024792 0.035630
11 0.239659 0.374069 0.021557 0.029880
14 0.226281 0.444407 0.020927 0.034463
8 0.047849 0.680940 0.030625 0.044861
12 0.033161 0.502213 0.021583 0.035593
10 0.174492 0.364056 0.014714 0.027074
