17 0.982794 0.721685 0.039891 0.039574
16 0.990089 0.592995 0.038031 0.039583
15 1.000826 0.509481 0.038964 0.036278
20 0.791482 0.558296 0.027828 0.054426
5 0.456083 0.337083 0.029354 0.040241
6 0.371393 0.402653 0.022891 0.029843
18 0.367263 0.468523 0.018328 0.039083
0 0.356810 0.260000 0.026057 0.034519
4 0.266495 0.310231 0.019646 0.025278
7 0.232594 0.516222 0.024792 0.035630
11 0.237534 0.372134 0.021557 0.029880
14 0.224378 0.439120 0.020922 0.034463
8 0.048286 0.677329 0.030625 0.044861
12 0.031667 0.498306 0.021583 0.035593
10 0.172557 0.360611 0.014719 0.027074
