17 0.962372 0.667838 0.039891 0.039583
16 0.970326 0.538528 0.038036 0.039574
15 0.977482 0.446630 0.038964 0.036278
20 0.774872 0.503880 0.027828 0.054426
1 0.986898 0.291861 0.032464 0.032981
5 0.443727 0.289597 0.029349 0.040250
6 0.359419 0.356116 0.022891 0.029843
18 0.346406 0.420282 0.018323 0.039083
0 0.340961 0.210870 0.026057 0.034519
4 0.253563 0.260509 0.019646 0.025278
7 0.220198 0.467292 0.024792 0.035620
11 0.221297 0.322579 0.021562 0.029880
14 0.210117 0.392685 0.020922 0.034463
8 0.032768 0.630301 0.030620 0.044861
12 0.016469 0.454074 0.015094 0.032185
10 0.159792 0.310954 0.014719 0.027074
