17 0.957792 0.658116 0.039885 0.039583
16 0.966003 0.531009 0.038036 0.039574
15 0.972747 0.438361 0.038964 0.036278
20 0.771622 0.497542 0.027828 0.054417
1 0.982818 0.285194 0.032469 0.032981
5 0.439922 0.281912 0.029354 0.040250
6 0.355503 0.347977 0.022891 0.029843
18 0.340846 0.415653 0.018328 0.039083
0 0.337138 0.203843 0.026057 0.034519
4 0.249219 0.253907 0.019646 0.025278
7 0.215875 0.460889 0.024792 0.035630
11 0.216937 0.315977 0.021563 0.029880
14 0.206367 0.385097 0.020922 0.034472
8 0.029901 0.622681 0.030625 0.044861
12 0.012625 0.446685 0.015094 0.032185
10 0.155516 0.303028 0.014719 0.027074
