17 0.974013 0.699676 0.039891 0.039574
16 0.986878 0.558755 0.038036 0.039583
15 0.988628 0.480093 0.038964 0.036278
20 0.785414 0.536181 0.027828 0.054417
5 0.453812 0.316491 0.029354 0.040241
6 0.365044 0.378074 0.022891 0.029833
18 0.360888 0.443153 0.018328 0.039083
0 0.351047 0.235472 0.026062 0.034519
4 0.260672 0.292000 0.019646 0.025278
7 0.232094 0.495685 0.024792 0.035630
11 0.228474 0.353958 0.021562 0.029880
14 0.218589 0.420843 0.020927 0.034463
8 0.039169 0.660181 0.030620 0.044861
12 0.025984 0.481065 0.021583 0.035593
10 0.167156 0.338574 0.014719 0.027074
