17 0.970169 0.686356 0.039891 0.039583
16 0.977456 0.554653 0.038036 0.039583
15 0.982997 0.467259 0.038964 0.036278
20 0.779935 0.523324 0.027828 0.054426
1 0.995563 0.312213 0.032469 0.032981
5 0.453130 0.302602 0.029354 0.040241
6 0.362799 0.369977 0.022891 0.029843
18 0.354146 0.433551 0.018323 0.039083
0 0.347206 0.223546 0.026057 0.034519
4 0.256703 0.275083 0.019646 0.025278
7 0.227234 0.482889 0.024792 0.035630
11 0.225805 0.337153 0.021557 0.029880
14 0.215234 0.406773 0.020927 0.034472
8 0.038034 0.645468 0.030620 0.044861
12 0.023990 0.469588 0.016021 0.032676
10 0.164245 0.326306 0.014719 0.027074
