17 0.971279 0.690301 0.039891 0.039583
16 0.979305 0.555639 0.038036 0.039574
15 0.984659 0.470870 0.038964 0.036278
20 0.781784 0.527264 0.027828 0.054417
1 0.999443 0.317954 0.032469 0.032981
5 0.453312 0.306542 0.029354 0.040250
6 0.363357 0.371949 0.022891 0.029843
18 0.356177 0.436176 0.018323 0.039074
0 0.348312 0.226833 0.026062 0.034519
4 0.257812 0.280343 0.019646 0.025278
7 0.228896 0.486500 0.024792 0.035630
11 0.226544 0.342412 0.021557 0.029880
14 0.216159 0.411046 0.020922 0.034463
8 0.038219 0.650069 0.030625 0.044861
12 0.024547 0.473028 0.017875 0.033648
10 0.165146 0.329769 0.014719 0.027074
