17 0.969615 0.684389 0.039885 0.039574
16 0.976534 0.554162 0.038036 0.039583
15 0.982169 0.465454 0.038964 0.036278
20 0.779013 0.521352 0.027828 0.054426
1 0.993622 0.309333 0.032464 0.032981
5 0.453036 0.300630 0.029354 0.040241
6 0.362523 0.368995 0.022891 0.029843
18 0.353130 0.432236 0.018323 0.039083
0 0.346651 0.221907 0.026063 0.034519
4 0.256148 0.272463 0.019641 0.025278
7 0.226406 0.481083 0.024792 0.035630
11 0.225435 0.334532 0.021557 0.029880
14 0.214773 0.404639 0.020922 0.034463
8 0.037943 0.643171 0.030625 0.044861
12 0.023711 0.467866 0.015089 0.032176
10 0.163750 0.324602 0.014719 0.027074
