17 0.959523 0.661602 0.039891 0.039574
16 0.967734 0.533264 0.038031 0.039583
15 0.974591 0.440208 0.038964 0.036287
20 0.773008 0.498773 0.027828 0.054417
1 0.984318 0.286634 0.032469 0.032991
5 0.440844 0.284991 0.029354 0.040241
6 0.357466 0.351051 0.022891 0.029843
18 0.343271 0.416676 0.018323 0.039074
0 0.338638 0.206509 0.026057 0.034519
4 0.251531 0.256167 0.019646 0.025278
7 0.217604 0.462731 0.024792 0.035630
11 0.219016 0.318236 0.021562 0.029880
14 0.207984 0.387972 0.020927 0.034463
8 0.030885 0.625431 0.030625 0.044861
12 0.013896 0.449148 0.015094 0.032185
10 0.157297 0.306329 0.014719 0.027065
