17 0.959870 0.662301 0.039885 0.039583
16 0.968081 0.533718 0.038036 0.039583
15 0.974961 0.440574 0.038964 0.036278
20 0.773284 0.499019 0.027828 0.054426
1 0.984617 0.286921 0.032464 0.032991
5 0.441031 0.285606 0.029354 0.040250
6 0.357859 0.351671 0.022896 0.029843
18 0.343755 0.416884 0.018323 0.039083
0 0.338938 0.207046 0.026062 0.034519
4 0.251990 0.256611 0.019646 0.025278
7 0.217953 0.463102 0.024792 0.035630
11 0.219430 0.318681 0.021557 0.029880
14 0.208307 0.388546 0.020927 0.034463
8 0.031083 0.625981 0.030625 0.044870
12 0.014151 0.449639 0.015094 0.032185
10 0.157654 0.306991 0.014714 0.027074
