17 0.968711 0.682319 0.039891 0.039583
16 0.975758 0.552204 0.038036 0.039574
15 0.983716 0.465218 0.038964 0.036287
20 0.778495 0.519167 0.027833 0.054426
1 0.992781 0.307148 0.032469 0.032981
5 0.451872 0.299250 0.029349 0.040241
6 0.362138 0.367384 0.022891 0.029843
18 0.352289 0.430741 0.018328 0.039074
0 0.345940 0.220528 0.026057 0.034519
4 0.255823 0.270963 0.019646 0.025278
7 0.225630 0.479361 0.024792 0.035630
11 0.224917 0.333032 0.021563 0.029880
14 0.214190 0.403144 0.020922 0.034472
8 0.037294 0.641560 0.030620 0.044861
12 0.022807 0.466139 0.015094 0.032185
10 0.163255 0.322889 0.014719 0.027074
