17 0.976589 0.723565 0.039885 0.039574
16 0.983302 0.594444 0.038031 0.039574
15 0.992138 0.509963 0.038964 0.036278
20 0.792477 0.565380 0.027828 0.054426
5 0.461169 0.344444 0.029349 0.040241
6 0.375286 0.414023 0.022896 0.029843
18 0.369464 0.476366 0.018323 0.039083
0 0.356883 0.272630 0.026057 0.034519
4 0.270286 0.318685 0.019646 0.025278
7 0.242823 0.526111 0.024792 0.035630
11 0.241430 0.375060 0.021557 0.029880
14 0.228724 0.450694 0.020927 0.034463
8 0.046091 0.684417 0.030620 0.044870
12 0.034656 0.506852 0.021583 0.035593
10 0.176427 0.367954 0.014719 0.027074
