17 0.981419 0.718829 0.039891 0.039583
16 0.989299 0.590454 0.038036 0.039574
15 0.999076 0.505593 0.038964 0.036278
20 0.789263 0.554028 0.027828 0.054426
5 0.455714 0.336426 0.029354 0.040241
6 0.371023 0.401014 0.022891 0.029843
18 0.367078 0.465241 0.018323 0.039074
0 0.356440 0.258028 0.026057 0.034519
4 0.266495 0.307602 0.019646 0.025278
7 0.232036 0.515241 0.024792 0.035630
11 0.235872 0.369181 0.021557 0.029880
14 0.224193 0.436824 0.020927 0.034463
8 0.046992 0.674370 0.030620 0.044870
12 0.030742 0.496005 0.021589 0.035583
10 0.171828 0.358500 0.014719 0.027074
