17 0.961919 0.666801 0.039891 0.039583
16 0.969938 0.537551 0.038031 0.039583
15 0.977039 0.445301 0.038964 0.036287
20 0.774617 0.502787 0.027828 0.054426
1 0.986479 0.290769 0.032469 0.032981
5 0.443146 0.288907 0.029354 0.040241
6 0.359227 0.355315 0.022891 0.029833
18 0.345987 0.419532 0.018328 0.039083
0 0.340607 0.210185 0.026057 0.034519
4 0.253401 0.259759 0.019646 0.025278
7 0.219807 0.466426 0.024792 0.035630
11 0.221039 0.321829 0.021557 0.029880
14 0.209828 0.391935 0.020927 0.034463
8 0.032445 0.629495 0.030620 0.044861
12 0.016016 0.453213 0.015094 0.032185
10 0.159432 0.310287 0.014719 0.027074
