17 0.963279 0.669903 0.039891 0.039583
16 0.971102 0.540481 0.038036 0.039574
15 0.978372 0.449282 0.038964 0.036287
20 0.775393 0.506065 0.027828 0.054426
1 0.987740 0.294046 0.032469 0.032981
5 0.444891 0.290977 0.029354 0.040250
6 0.359810 0.357727 0.022891 0.029843
18 0.347247 0.421773 0.018328 0.039083
0 0.341672 0.212250 0.026062 0.034519
4 0.253885 0.262000 0.019646 0.025278
7 0.220974 0.469019 0.024792 0.035630
11 0.221815 0.324069 0.021557 0.029880
14 0.210701 0.394176 0.020922 0.034463
8 0.033417 0.631907 0.030625 0.044870
12 0.017375 0.455796 0.015094 0.032185
10 0.160286 0.312657 0.014719 0.027074
