17 0.977245 0.723523 0.039885 0.039583
16 0.983893 0.594319 0.038036 0.039583
15 0.992893 0.509926 0.038964 0.036278
20 0.792591 0.564801 0.027828 0.054417
5 0.461182 0.343963 0.029354 0.040241
6 0.375263 0.413301 0.022891 0.029843
18 0.369812 0.475625 0.018323 0.039083
0 0.356995 0.271907 0.026063 0.034519
4 0.270177 0.318093 0.019646 0.025278
7 0.242698 0.525454 0.024792 0.035630
11 0.241435 0.374699 0.021557 0.029880
14 0.228771 0.450102 0.020927 0.034463
8 0.046362 0.683884 0.030620 0.044861
12 0.034583 0.506005 0.021583 0.035583
10 0.176271 0.367491 0.014719 0.027074
