17 0.975047 0.702662 0.039885 0.039583
16 0.988081 0.559472 0.038036 0.039574
15 0.989911 0.484088 0.038969 0.036287
20 0.785284 0.538250 0.027828 0.054426
5 0.454070 0.320630 0.029349 0.040241
6 0.366211 0.382440 0.022891 0.029843
18 0.362182 0.446602 0.018323 0.039074
0 0.352081 0.239611 0.026057 0.034519
4 0.261969 0.294296 0.019646 0.025278
7 0.231833 0.499593 0.024792 0.035630
11 0.229378 0.356023 0.021557 0.029880
14 0.219750 0.423375 0.020927 0.034472
8 0.040333 0.662023 0.030625 0.044861
12 0.026630 0.483361 0.021583 0.035593
10 0.167964 0.342102 0.014719 0.027074
