17 0.976857 0.707894 0.039891 0.039583
16 0.986344 0.580921 0.038031 0.039583
15 0.992508 0.491000 0.038964 0.036278
20 0.785057 0.541870 0.027833 0.054426
5 0.454521 0.327870 0.029354 0.040241
6 0.368247 0.390088 0.022891 0.029843
18 0.364445 0.452634 0.018328 0.039083
0 0.353893 0.246852 0.026057 0.034519
4 0.264229 0.298324 0.019646 0.025278
7 0.231380 0.506431 0.024792 0.035620
11 0.230961 0.359644 0.021557 0.029880
14 0.221789 0.427796 0.020922 0.034463
8 0.042370 0.665241 0.030625 0.044870
12 0.027766 0.487384 0.021583 0.035583
10 0.169276 0.347769 0.014719 0.027074
