17 0.981076 0.718116 0.039891 0.039583
16 0.989102 0.589819 0.038036 0.039583
15 0.998638 0.504620 0.038964 0.036278
20 0.788711 0.552963 0.027828 0.054426
5 0.455620 0.336264 0.029354 0.040250
6 0.370930 0.400602 0.022891 0.029833
18 0.367031 0.464421 0.018323 0.039083
0 0.356349 0.257537 0.026063 0.034519
4 0.266495 0.306944 0.019646 0.025278
7 0.231901 0.514991 0.024792 0.035630
11 0.235456 0.368440 0.021557 0.029880
14 0.224148 0.436250 0.020922 0.034463
8 0.046669 0.673634 0.030620 0.044861
12 0.030510 0.495431 0.021583 0.035583
10 0.171661 0.357778 0.014719 0.027074
