17 0.966898 0.678181 0.039891 0.039583
16 0.974206 0.548296 0.038036 0.039574
15 0.981935 0.459907 0.038964 0.036278
20 0.777461 0.514801 0.027828 0.054417
1 0.991102 0.302787 0.032464 0.032981
5 0.449547 0.296491 0.029354 0.040241
6 0.361362 0.364162 0.022891 0.029843
18 0.350609 0.427755 0.018323 0.039083
0 0.344518 0.217769 0.026057 0.034519
4 0.255177 0.267977 0.019646 0.025269
7 0.224078 0.475917 0.024792 0.035630
11 0.223883 0.330042 0.021557 0.029880
14 0.213026 0.400157 0.020927 0.034463
8 0.036000 0.638347 0.030625 0.044861
12 0.020995 0.462694 0.015094 0.032185
10 0.162266 0.319481 0.014719 0.027074
