17 0.972664 0.695227 0.039891 0.039583
16 0.981612 0.556870 0.038036 0.039574
15 0.986737 0.475389 0.038964 0.036278
20 0.784091 0.532190 0.027828 0.054417
1 1.001380 0.320833 0.032469 0.032981
5 0.453542 0.311468 0.029354 0.040250
6 0.364049 0.374412 0.022891 0.029843
18 0.358719 0.439458 0.018323 0.039083
0 0.349698 0.230935 0.026063 0.034519
4 0.259198 0.286907 0.019646 0.025278
7 0.230974 0.491019 0.024792 0.035630
11 0.227466 0.348977 0.021557 0.029880
14 0.217312 0.416380 0.020927 0.034463
8 0.038448 0.655815 0.030625 0.044870
12 0.025242 0.477333 0.020193 0.034852
10 0.166151 0.334176 0.014719 0.027074
