17 0.979214 0.723394 0.039885 0.039583
16 0.985661 0.593940 0.038031 0.039583
15 0.995159 0.509796 0.038964 0.036278
20 0.792591 0.563421 0.027828 0.054417
5 0.459630 0.341898 0.029354 0.040241
6 0.374096 0.410199 0.022891 0.029843
18 0.369036 0.473903 0.018323 0.039083
0 0.356995 0.268458 0.026063 0.034509
4 0.269016 0.316028 0.019646 0.025278
7 0.239594 0.522694 0.024792 0.035630
11 0.240466 0.374356 0.021557 0.029880
14 0.227414 0.446995 0.020922 0.034472
8 0.047172 0.682278 0.030625 0.044870
12 0.033807 0.503935 0.021583 0.035593
10 0.175458 0.365778 0.014719 0.027074
