17 0.981763 0.719542 0.039891 0.039583
16 0.989497 0.591088 0.038036 0.039583
15 0.999513 0.506565 0.038964 0.036278
20 0.789820 0.555097 0.027828 0.054417
5 0.455807 0.336593 0.029354 0.040241
6 0.371115 0.401421 0.022896 0.029843
18 0.367122 0.466060 0.018328 0.039083
0 0.356534 0.258528 0.026057 0.034519
4 0.266495 0.308259 0.019646 0.025278
7 0.232177 0.515491 0.024792 0.035630
11 0.236286 0.369912 0.021562 0.029880
14 0.224240 0.437398 0.020927 0.034463
8 0.047315 0.675106 0.030620 0.044861
12 0.030974 0.496579 0.021583 0.035583
10 0.172000 0.359213 0.014719 0.027074
