17 0.980042 0.715977 0.039885 0.039583
16 0.988510 0.587912 0.038031 0.039583
15 0.997326 0.501704 0.038964 0.036278
20 0.787049 0.549759 0.027828 0.054426
5 0.455344 0.335769 0.029354 0.040241
6 0.370654 0.399370 0.022891 0.029833
18 0.366893 0.461958 0.018328 0.039083
0 0.356073 0.256065 0.026062 0.034519
4 0.266495 0.304972 0.019646 0.025278
7 0.231484 0.514259 0.024792 0.035630
11 0.234208 0.366218 0.021562 0.029880
14 0.224010 0.434528 0.020927 0.034463
8 0.045701 0.671412 0.030620 0.044861
12 0.029818 0.493708 0.021583 0.035583
10 0.171151 0.355639 0.014719 0.027074
