17 0.978409 0.712375 0.039891 0.039583
16 0.987526 0.584736 0.038031 0.039583
15 0.995133 0.496838 0.038964 0.036287
20 0.784862 0.544972 0.027828 0.054426
5 0.454911 0.334079 0.029354 0.040250
6 0.369992 0.396634 0.022891 0.029843
18 0.366385 0.457810 0.018323 0.039083
0 0.355445 0.253056 0.026057 0.034519
4 0.266172 0.301769 0.019646 0.025278
7 0.230995 0.512296 0.024792 0.035630
11 0.232320 0.362745 0.021557 0.029880
14 0.223534 0.431593 0.020922 0.034463
8 0.044115 0.667995 0.030625 0.044861
12 0.028734 0.490833 0.021583 0.035593
10 0.170297 0.352056 0.014719 0.027074
