17 0.977372 0.709389 0.039891 0.039574
16 0.986740 0.582190 0.038031 0.039583
15 0.993383 0.492944 0.038964 0.036278
20 0.784992 0.542903 0.027828 0.054417
5 0.454651 0.329940 0.029354 0.040250
6 0.368828 0.392269 0.022896 0.029833
18 0.365091 0.454361 0.018328 0.039074
0 0.354409 0.248917 0.026057 0.034519
4 0.264875 0.299472 0.019646 0.025278
7 0.231255 0.508389 0.024792 0.035630
11 0.231414 0.360681 0.021557 0.029880
14 0.222370 0.429065 0.020927 0.034463
8 0.042953 0.666162 0.030625 0.044861
12 0.028089 0.488537 0.021583 0.035593
10 0.169617 0.349194 0.014714 0.027074
