17 0.982497 0.723176 0.039891 0.039574
16 0.988612 0.593310 0.038036 0.039583
15 0.998935 0.509588 0.038964 0.036287
20 0.792591 0.561120 0.027828 0.054426
5 0.457042 0.338444 0.029354 0.040241
6 0.372159 0.405028 0.022891 0.029833
18 0.367742 0.471028 0.018328 0.039074
0 0.356995 0.262713 0.026063 0.034519
4 0.267073 0.312574 0.019646 0.025278
7 0.234422 0.518097 0.024792 0.035620
11 0.238852 0.373782 0.021557 0.029880
14 0.225151 0.441824 0.020927 0.034463
8 0.048526 0.679606 0.030625 0.044861
12 0.032516 0.500491 0.021583 0.035593
10 0.173526 0.362333 0.014719 0.027074
