17 0.978885 0.723412 0.039885 0.039583
16 0.985367 0.594005 0.038036 0.039583
15 0.994784 0.509819 0.038964 0.036287
20 0.792591 0.563653 0.027828 0.054417
5 0.459888 0.342241 0.029349 0.040241
6 0.374292 0.410718 0.022896 0.029843
18 0.369164 0.474190 0.018328 0.039083
0 0.356995 0.269037 0.026063 0.034519
4 0.269208 0.316370 0.019646 0.025278
7 0.240109 0.523157 0.024792 0.035630
11 0.240628 0.374412 0.021557 0.029880
14 0.227641 0.447509 0.020927 0.034463
8 0.047036 0.682546 0.030625 0.044870
12 0.033937 0.504282 0.021583 0.035583
10 0.175651 0.366120 0.014719 0.027074
