17 0.977115 0.708644 0.039885 0.039583
16 0.986542 0.581556 0.038031 0.039574
15 0.992945 0.491972 0.038964 0.036278
20 0.785023 0.542384 0.027828 0.054417
5 0.454589 0.328907 0.029354 0.040241
6 0.368539 0.391181 0.022891 0.029843
18 0.364768 0.453500 0.018328 0.039074
0 0.354151 0.247880 0.026062 0.034519
4 0.264552 0.298898 0.019646 0.025278
7 0.231318 0.507407 0.024792 0.035630
11 0.231190 0.360162 0.021557 0.029880
14 0.222078 0.428435 0.020927 0.034463
8 0.042661 0.665699 0.030625 0.044861
12 0.027927 0.487958 0.021583 0.035583
10 0.169448 0.348481 0.014719 0.027074
