17 0.978667 0.713125 0.039885 0.039583
16 0.987724 0.585370 0.038031 0.039574
15 0.995570 0.497810 0.038964 0.036287
20 0.784831 0.545491 0.027828 0.054426
5 0.454974 0.335111 0.029354 0.040241
6 0.370284 0.397727 0.022891 0.029843
18 0.366708 0.458671 0.018323 0.039083
0 0.355703 0.254093 0.026063 0.034519
4 0.266495 0.302343 0.019646 0.025278
7 0.230932 0.513269 0.024792 0.035630
11 0.232547 0.363264 0.021562 0.029880
14 0.223826 0.432222 0.020922 0.034463
8 0.044406 0.668458 0.030625 0.044861
12 0.028896 0.491407 0.021583 0.035593
10 0.170469 0.352773 0.014719 0.027065
