17 0.978557 0.723435 0.039885 0.039574
16 0.985073 0.594065 0.038031 0.039574
15 0.994404 0.509838 0.038964 0.036287
20 0.792591 0.563880 0.027828 0.054426
5 0.460146 0.342583 0.029354 0.040241
6 0.374487 0.411236 0.022891 0.029843
18 0.369294 0.474477 0.018328 0.039083
0 0.356995 0.269611 0.026063 0.034519
4 0.269401 0.316713 0.019646 0.025278
7 0.240630 0.523611 0.024792 0.035630
11 0.240789 0.374468 0.021557 0.029880
14 0.227865 0.448028 0.020927 0.034463
8 0.046901 0.682810 0.030625 0.044861
12 0.034068 0.504625 0.021583 0.035583
10 0.175846 0.366463 0.014714 0.027074
