17 0.982107 0.720255 0.039891 0.039583
16 0.989693 0.591727 0.038031 0.039583
15 0.999951 0.507537 0.038964 0.036278
20 0.790372 0.556162 0.027828 0.054417
5 0.455898 0.336755 0.029349 0.040250
6 0.371206 0.401833 0.022891 0.029833
18 0.367169 0.466884 0.018328 0.039083
0 0.356625 0.259019 0.026062 0.034519
4 0.266495 0.308917 0.019646 0.025278
7 0.232318 0.515731 0.024792 0.035630
11 0.236703 0.370653 0.021563 0.029880
14 0.224286 0.437972 0.020927 0.034463
8 0.047641 0.675847 0.030625 0.044861
12 0.031203 0.497157 0.021583 0.035593
10 0.172172 0.359926 0.014719 0.027074
