17 0.980529 0.723306 0.039891 0.039574
16 0.986841 0.593690 0.038036 0.039583
15 0.996669 0.509713 0.038964 0.036278
20 0.792591 0.562500 0.027828 0.054426
5 0.458594 0.340519 0.029354 0.040241
6 0.373320 0.408134 0.022891 0.029843
18 0.368518 0.472755 0.018328 0.039083
0 0.356995 0.266157 0.026063 0.034519
4 0.268240 0.314648 0.019646 0.025278
7 0.237526 0.520852 0.024792 0.035630
11 0.239820 0.374125 0.021557 0.029880
14 0.226508 0.444926 0.020922 0.034463
8 0.047714 0.681208 0.030625 0.044861
12 0.033292 0.502560 0.021583 0.035583
10 0.174687 0.364398 0.014719 0.027074
