17 0.976081 0.705653 0.039891 0.039583
16 0.989284 0.560185 0.038036 0.039574
15 0.991195 0.488083 0.038964 0.036278
20 0.785154 0.540315 0.027828 0.054426
5 0.454328 0.324769 0.029354 0.040241
6 0.367372 0.386810 0.022891 0.029843
18 0.363474 0.450051 0.018323 0.039083
0 0.353117 0.243750 0.026057 0.034519
4 0.263260 0.296602 0.019646 0.025278
7 0.231578 0.503500 0.024792 0.035630
11 0.230284 0.358088 0.021557 0.029880
14 0.220914 0.425903 0.020922 0.034472
8 0.041497 0.663861 0.030620 0.044870
12 0.027279 0.485662 0.021589 0.035583
10 0.168766 0.345620 0.014719 0.027074
