17 0.983138 0.722398 0.039891 0.039574
16 0.989792 0.593060 0.038031 0.039583
15 1.000448 0.509505 0.038969 0.036287
20 0.792034 0.559366 0.027828 0.054417
5 0.456177 0.337250 0.029354 0.040241
6 0.371482 0.403069 0.022891 0.029843
18 0.367307 0.469347 0.018323 0.039083
0 0.356904 0.260491 0.026057 0.034519
4 0.266495 0.310884 0.019646 0.025269
7 0.232729 0.516472 0.024792 0.035630
11 0.237951 0.372875 0.021557 0.029880
14 0.224424 0.439694 0.020922 0.034463
8 0.048609 0.678065 0.030625 0.044870
12 0.031896 0.498880 0.021583 0.035593
10 0.172750 0.360958 0.014719 0.027065
