17 0.977891 0.710884 0.039885 0.039583
16 0.987133 0.583463 0.038036 0.039574
15 0.994258 0.494894 0.038964 0.036287
20 0.784930 0.543940 0.027828 0.054417
5 0.454781 0.332009 0.029354 0.040241
6 0.369409 0.394449 0.022891 0.029843
18 0.365737 0.456088 0.018328 0.039083
0 0.354927 0.250991 0.026062 0.034519
4 0.265523 0.300620 0.019641 0.025278
7 0.231125 0.510343 0.024792 0.035630
11 0.231867 0.361718 0.021557 0.029880
14 0.222951 0.430329 0.020922 0.034472
8 0.043534 0.667079 0.030620 0.044861
12 0.028411 0.489685 0.021583 0.035593
10 0.169958 0.350630 0.014719 0.027074
