17 0.979354 0.714551 0.039885 0.039583
16 0.988117 0.586644 0.038036 0.039583
15 0.996451 0.499755 0.038964 0.036287
20 0.785940 0.547625 0.027828 0.054417
5 0.455161 0.335444 0.029354 0.040241
6 0.370466 0.398551 0.022891 0.029843
18 0.366799 0.460315 0.018328 0.039074
0 0.355888 0.255074 0.026057 0.034519
4 0.266495 0.303657 0.019646 0.025278
7 0.231208 0.513759 0.024792 0.035630
11 0.233378 0.364745 0.021557 0.029880
14 0.223917 0.433375 0.020927 0.034472
8 0.045052 0.669940 0.030625 0.044861
12 0.029357 0.492560 0.021589 0.035583
10 0.170807 0.354204 0.014719 0.027074
