17 0.977633 0.710134 0.039891 0.039583
16 0.986935 0.582829 0.038036 0.039583
15 0.993820 0.493917 0.038964 0.036278
20 0.784961 0.543421 0.027828 0.054417
5 0.454716 0.330977 0.029349 0.040250
6 0.369117 0.393361 0.022891 0.029833
18 0.365414 0.455222 0.018328 0.039074
0 0.354669 0.249954 0.026057 0.034519
4 0.265198 0.300046 0.019646 0.025278
7 0.231187 0.509361 0.024792 0.035630
11 0.231643 0.361199 0.021557 0.029880
14 0.222661 0.429694 0.020927 0.034463
8 0.043242 0.666620 0.030620 0.044870
12 0.028250 0.489111 0.021583 0.035593
10 0.169786 0.349907 0.014719 0.027074
