17 0.975562 0.704157 0.039885 0.039574
16 0.988682 0.559829 0.038031 0.039583
15 0.990555 0.486083 0.038964 0.036278
20 0.785219 0.539282 0.027833 0.054417
5 0.454198 0.322699 0.029354 0.040250
6 0.366792 0.384625 0.022896 0.029843
18 0.362828 0.448329 0.018323 0.039083
0 0.352599 0.241676 0.026062 0.034519
4 0.262615 0.295444 0.019646 0.025278
7 0.231708 0.501546 0.024792 0.035630
11 0.229831 0.357060 0.021557 0.029880
14 0.220333 0.424639 0.020927 0.034463
8 0.040917 0.662940 0.030625 0.044861
12 0.026956 0.484514 0.021589 0.035583
10 0.168365 0.343861 0.014719 0.027074
