17 0.975932 0.723606 0.039885 0.039583
16 0.982711 0.594569 0.038036 0.039583
15 0.991383 0.510009 0.038964 0.036278
20 0.792253 0.566079 0.027828 0.054417
5 0.460628 0.344713 0.029349 0.040241
6 0.374951 0.414421 0.022891 0.029843
18 0.368508 0.477264 0.018328 0.039083
0 0.356659 0.272931 0.026057 0.034509
4 0.270120 0.319185 0.019646 0.025278
7 0.242036 0.526509 0.024792 0.035630
11 0.241091 0.375662 0.021557 0.029880
14 0.228180 0.450861 0.020922 0.034463
8 0.045820 0.684949 0.030620 0.044861
12 0.034547 0.507852 0.021583 0.035593
10 0.176583 0.368407 0.014719 0.027074
