17 0.968258 0.681282 0.039891 0.039583
16 0.975370 0.551227 0.038031 0.039583
15 0.983273 0.463889 0.038964 0.036278
20 0.778237 0.518074 0.027828 0.054426
1 0.992362 0.306060 0.032464 0.032991
5 0.451292 0.298560 0.029354 0.040250
6 0.361940 0.366579 0.022891 0.029843
18 0.351870 0.429995 0.018323 0.039083
0 0.345583 0.219843 0.026062 0.034519
4 0.255661 0.270222 0.019646 0.025278
7 0.225240 0.478500 0.024792 0.035630
11 0.224659 0.332292 0.021557 0.029880
14 0.213901 0.402398 0.020927 0.034463
8 0.036971 0.640755 0.030620 0.044861
12 0.022354 0.465278 0.015094 0.032185
10 0.163010 0.322037 0.014719 0.027074
