17 0.973216 0.697199 0.039891 0.039583
16 0.982536 0.557361 0.038031 0.039574
15 0.987570 0.477194 0.038964 0.036278
20 0.785016 0.534157 0.027833 0.054426
1 1.001380 0.320833 0.032469 0.032981
5 0.453635 0.313440 0.029354 0.040250
6 0.364326 0.375394 0.022891 0.029843
18 0.359734 0.440773 0.018323 0.039083
0 0.350253 0.232583 0.026057 0.034519
4 0.259750 0.289537 0.019646 0.025278
7 0.231807 0.492824 0.024792 0.035630
11 0.227836 0.351606 0.021557 0.029880
14 0.217776 0.418514 0.020927 0.034472
8 0.038542 0.658116 0.030625 0.044861
12 0.025523 0.479051 0.021120 0.035343
10 0.166552 0.335935 0.014719 0.027074
