17 0.965099 0.724319 0.039885 0.039583
16 0.972977 0.596644 0.038036 0.039583
15 0.978924 0.510699 0.038964 0.036287
20 0.780336 0.571583 0.027828 0.054426
5 0.451698 0.349120 0.029354 0.040241
6 0.367372 0.422153 0.022891 0.029843
18 0.356427 0.487005 0.018323 0.039083
0 0.350206 0.277426 0.026057 0.034519
4 0.265073 0.327176 0.019646 0.025278
7 0.230380 0.530509 0.024792 0.035630
11 0.232674 0.385394 0.021557 0.029880
14 0.219185 0.453523 0.020922 0.034472
8 0.041013 0.691046 0.030620 0.044870
12 0.030901 0.519338 0.021583 0.035583
1 0.989846 0.364616 0.017661 0.040398
10 0.171911 0.376435 0.014719 0.027074
