17 0.971336 0.723907 0.039891 0.039574
16 0.978583 0.595449 0.038031 0.039583
15 0.986096 0.510301 0.038964 0.036287
20 0.790680 0.570977 0.027828 0.054417
5 0.456839 0.346583 0.029354 0.040241
6 0.372586 0.417218 0.022891 0.029843
18 0.361818 0.483560 0.018323 0.039083
0 0.355083 0.275028 0.026062 0.034519
4 0.268937 0.322685 0.019646 0.025278
7 0.236526 0.529315 0.024792 0.035630
11 0.238732 0.379856 0.021557 0.029880
14 0.224365 0.451991 0.020927 0.034463
8 0.043927 0.688694 0.030625 0.044870
12 0.033760 0.514847 0.021583 0.035583
10 0.177302 0.371639 0.014719 0.027074
