17 0.937099 0.696005 0.039885 0.039583
16 0.944187 0.574736 0.038031 0.039583
15 0.948060 0.484421 0.038964 0.038472
20 0.752826 0.539963 0.027828 0.054426
5 0.430063 0.331509 0.029354 0.040241
6 0.347456 0.395921 0.022891 0.029843
18 0.333724 0.463727 0.018323 0.039083
0 0.330130 0.257685 0.026062 0.034519
4 0.246250 0.303963 0.019646 0.025278
7 0.214224 0.508546 0.024792 0.035630
11 0.213753 0.365144 0.021557 0.029880
14 0.202677 0.430361 0.020927 0.034463
8 0.025115 0.666051 0.030625 0.044861
12 0.016523 0.490343 0.021589 0.035593
1 0.957966 0.336861 0.027880 0.042815
10 0.153339 0.354306 0.014719 0.027074
