17 0.962799 0.724472 0.039891 0.039574
16 0.970911 0.597088 0.038031 0.039583
15 0.976279 0.510847 0.038964 0.036287
20 0.775133 0.570778 0.027828 0.054426
5 0.449802 0.350056 0.029354 0.040241
6 0.365112 0.424162 0.022891 0.029843
18 0.355070 0.487407 0.018328 0.039074
0 0.347943 0.278231 0.026063 0.034519
4 0.263260 0.328787 0.019646 0.025278
7 0.228344 0.530509 0.024792 0.035630
11 0.229961 0.387403 0.021557 0.029880
14 0.217279 0.454088 0.020922 0.034472
8 0.039880 0.691449 0.030625 0.044861
12 0.029542 0.520144 0.021583 0.035583
1 0.984648 0.364111 0.021870 0.041389
10 0.169115 0.374833 0.014719 0.027074
