17 0.934690 0.688870 0.039891 0.039574
16 0.941581 0.568671 0.038036 0.039583
15 0.945648 0.478356 0.038964 0.038472
20 0.750417 0.534972 0.027833 0.054426
5 0.427255 0.326162 0.029354 0.040250
6 0.344445 0.389856 0.022891 0.029843
18 0.330917 0.458731 0.018323 0.039074
0 0.326518 0.251981 0.026057 0.034519
4 0.242641 0.298250 0.019646 0.025278
7 0.210411 0.502833 0.024792 0.035630
11 0.210141 0.360153 0.021563 0.029880
14 0.199266 0.423940 0.020927 0.034472
8 0.021906 0.661773 0.030625 0.044861
12 0.012815 0.485194 0.020526 0.035593
1 0.954956 0.330083 0.027880 0.042815
10 0.148182 0.348231 0.014719 0.027074
