17 0.969039 0.724060 0.039891 0.039583
16 0.976518 0.595889 0.038036 0.039574
15 0.983456 0.510444 0.038964 0.036278
20 0.789258 0.572963 0.027828 0.054426
5 0.454943 0.347519 0.029354 0.040241
6 0.371253 0.418708 0.022891 0.029843
18 0.358755 0.486315 0.018323 0.039074
0 0.354086 0.276046 0.026057 0.034519
4 0.268174 0.324417 0.019641 0.025278
7 0.233875 0.530509 0.024792 0.035630
11 0.237331 0.381940 0.021557 0.029880
14 0.222456 0.452556 0.020922 0.034463
8 0.042953 0.690356 0.030625 0.044861
12 0.033227 0.517958 0.021589 0.035583
10 0.175318 0.373407 0.014719 0.027074
