17 0.975604 0.723630 0.039885 0.039574
16 0.982417 0.594634 0.038031 0.039583
15 0.991008 0.510028 0.038964 0.036278
20 0.792141 0.566431 0.027833 0.054417
5 0.460357 0.344843 0.029349 0.040241
6 0.374779 0.414620 0.022891 0.029833
18 0.368029 0.477713 0.018328 0.039074
0 0.356544 0.273083 0.026057 0.034519
4 0.270036 0.319435 0.019646 0.025278
7 0.241641 0.526713 0.024792 0.035630
11 0.240924 0.375958 0.021557 0.029880
14 0.227906 0.450940 0.020927 0.034472
8 0.045685 0.685218 0.030620 0.044861
12 0.034490 0.508352 0.021583 0.035593
10 0.176661 0.368639 0.014719 0.027074
