17 0.962471 0.724491 0.039891 0.039574
16 0.970617 0.597148 0.038036 0.039574
15 0.975904 0.510866 0.038964 0.036287
20 0.774648 0.570352 0.027828 0.054426
5 0.449078 0.350343 0.029354 0.040241
6 0.364628 0.423880 0.022891 0.029833
18 0.354508 0.486884 0.018328 0.039083
0 0.347221 0.278231 0.026057 0.034519
4 0.262885 0.328259 0.019646 0.025278
7 0.227625 0.530796 0.024792 0.035630
11 0.229638 0.387403 0.021557 0.029880
14 0.217005 0.454167 0.020927 0.034463
8 0.039560 0.690829 0.030620 0.044861
12 0.028901 0.519718 0.021583 0.035583
1 0.983906 0.364042 0.022469 0.041528
10 0.168714 0.374602 0.014719 0.027074
