17 0.947130 0.713907 0.039885 0.039574
16 0.954258 0.587931 0.038036 0.039583
15 0.956674 0.500995 0.038964 0.037713
20 0.761451 0.554444 0.027828 0.054426
5 0.437365 0.344565 0.029354 0.040241
6 0.355081 0.411116 0.022891 0.029843
18 0.342151 0.475375 0.018323 0.039083
0 0.337591 0.270806 0.026057 0.034519
4 0.254648 0.316750 0.019641 0.025278
7 0.220599 0.523167 0.024792 0.035630
11 0.222055 0.378130 0.021557 0.029870
14 0.210380 0.445620 0.020927 0.034463
8 0.032497 0.677227 0.030620 0.044861
12 0.022078 0.507519 0.021583 0.035593
1 0.967836 0.353194 0.027880 0.042815
10 0.161208 0.366120 0.014719 0.027074
