17 0.939505 0.703139 0.039885 0.039574
16 0.946794 0.580796 0.038036 0.039574
15 0.950466 0.490486 0.038964 0.038472
20 0.755232 0.544958 0.027828 0.054417
5 0.432870 0.336861 0.029354 0.040241
6 0.350466 0.401986 0.022891 0.029843
18 0.336534 0.468718 0.018328 0.039083
0 0.333740 0.263389 0.026062 0.034519
4 0.249859 0.309667 0.019646 0.025278
7 0.218031 0.514250 0.024792 0.035630
11 0.217362 0.370144 0.021557 0.029880
14 0.206086 0.436778 0.020922 0.034463
8 0.028326 0.670333 0.030620 0.044870
12 0.019646 0.498269 0.021583 0.035593
1 0.960974 0.343639 0.027885 0.042815
10 0.158500 0.360389 0.014719 0.027074
