17 0.970352 0.723972 0.039891 0.039574
16 0.977698 0.595639 0.038031 0.039574
15 0.984966 0.510361 0.038964 0.036278
20 0.790341 0.572028 0.027828 0.054426
5 0.456026 0.346981 0.029354 0.040241
6 0.372081 0.417819 0.022891 0.029843
18 0.360383 0.484907 0.018328 0.039074
0 0.354747 0.275481 0.026057 0.034519
4 0.268688 0.323435 0.019646 0.025278
7 0.235344 0.529912 0.024792 0.035620
11 0.238227 0.380755 0.021557 0.029880
14 0.223547 0.452231 0.020927 0.034463
8 0.043521 0.689495 0.030625 0.044861
12 0.033589 0.516347 0.021583 0.035583
10 0.176453 0.372398 0.014719 0.027074
