17 0.943599 0.710199 0.039885 0.039583
16 0.950888 0.585935 0.038036 0.039574
15 0.953951 0.497065 0.038964 0.038148
20 0.758721 0.550736 0.027828 0.054417
5 0.435760 0.341995 0.029354 0.040250
6 0.353477 0.407977 0.022891 0.029843
18 0.339904 0.473282 0.018328 0.039083
0 0.336628 0.268528 0.026057 0.034519
4 0.253151 0.314657 0.019646 0.025278
7 0.220443 0.520028 0.024792 0.035630
11 0.220612 0.375273 0.021557 0.029880
14 0.209096 0.442769 0.020922 0.034463
8 0.031214 0.674755 0.030625 0.044861
12 0.021758 0.504949 0.021589 0.035583
1 0.964945 0.350056 0.027880 0.042815
10 0.160125 0.363824 0.014719 0.027074
