17 0.972320 0.723843 0.039891 0.039574
16 0.979466 0.595264 0.038036 0.039583
15 0.987232 0.510236 0.038964 0.036287
20 0.791016 0.569926 0.027833 0.054426
5 0.457651 0.346181 0.029354 0.040250
6 0.373094 0.416616 0.022896 0.029843
18 0.363250 0.482208 0.018323 0.039083
0 0.355422 0.274583 0.026062 0.034519
4 0.269193 0.321935 0.019646 0.025278
7 0.237703 0.528713 0.024792 0.035630
11 0.239237 0.378958 0.021557 0.029880
14 0.225182 0.451750 0.020927 0.034463
8 0.044331 0.687894 0.030620 0.044861
12 0.033927 0.513347 0.021583 0.035583
10 0.177432 0.370935 0.014719 0.027074
