17 0.958604 0.725963 0.039885 0.039574
16 0.965211 0.594421 0.038036 0.039583
15 0.965518 0.513764 0.038964 0.036287
20 0.770318 0.566500 0.027833 0.054426
5 0.442581 0.352912 0.029349 0.040250
6 0.360294 0.421310 0.022891 0.029843
18 0.349453 0.482176 0.018323 0.039074
0 0.340721 0.278231 0.026057 0.034519
4 0.259516 0.323556 0.019646 0.025278
7 0.221125 0.533361 0.024792 0.035630
11 0.226753 0.387403 0.021557 0.029880
14 0.214552 0.454898 0.020927 0.034463
8 0.036672 0.685264 0.030625 0.044861
12 0.023120 0.515866 0.021583 0.035583
1 0.977224 0.363398 0.027885 0.042815
10 0.165115 0.372537 0.014719 0.027074
