17 0.929716 0.677384 0.039891 0.039583
16 0.936323 0.558380 0.038031 0.039574
15 0.940716 0.467995 0.038964 0.038472
20 0.745570 0.526403 0.027828 0.054417
5 0.421464 0.317093 0.029354 0.040241
6 0.338292 0.380245 0.022896 0.029843
18 0.324956 0.450241 0.018328 0.039074
0 0.319521 0.242412 0.026062 0.034509
4 0.235427 0.288764 0.019646 0.025269
7 0.202922 0.493944 0.024792 0.035630
11 0.203016 0.351736 0.021563 0.029880
14 0.192211 0.414051 0.020922 0.034472
8 0.016146 0.655069 0.029146 0.044861
1 0.949221 0.318870 0.027880 0.042815
10 0.139927 0.338509 0.014719 0.027074
