17 0.936617 0.694579 0.039891 0.039583
16 0.943667 0.573523 0.038031 0.039583
15 0.947576 0.483208 0.038964 0.038472
20 0.752341 0.538968 0.027828 0.054417
5 0.429500 0.330440 0.029354 0.040250
6 0.346857 0.394708 0.022891 0.029843
18 0.333164 0.462727 0.018328 0.039083
0 0.329406 0.256546 0.026062 0.034519
4 0.245526 0.302819 0.019646 0.025269
7 0.213458 0.507398 0.024792 0.035630
11 0.213029 0.364153 0.021557 0.029880
14 0.201995 0.429074 0.020927 0.034463
8 0.024474 0.665199 0.030625 0.044861
12 0.015901 0.488759 0.021583 0.035593
1 0.957362 0.335505 0.027880 0.042806
10 0.152307 0.353093 0.014719 0.027074
