17 0.924901 0.672880 0.039885 0.039574
16 0.931508 0.552977 0.038036 0.039583
15 0.936029 0.462361 0.038964 0.038481
20 0.741133 0.521676 0.027828 0.054426
5 0.415891 0.312366 0.029354 0.040250
6 0.332464 0.376866 0.022896 0.029843
18 0.318875 0.445736 0.018323 0.039083
0 0.313690 0.237685 0.026057 0.034519
4 0.228969 0.284259 0.019646 0.025278
7 0.196458 0.491241 0.024792 0.035630
11 0.196805 0.347458 0.021557 0.029880
14 0.185367 0.411347 0.020922 0.034472
8 0.012349 0.652931 0.024698 0.044861
1 0.944661 0.313690 0.027885 0.042806
10 0.135385 0.334824 0.014719 0.027074
