17 0.932766 0.683167 0.039885 0.039574
16 0.939492 0.563819 0.038036 0.039583
15 0.943727 0.473509 0.038964 0.038481
20 0.748492 0.530977 0.027828 0.054417
5 0.425008 0.321880 0.029349 0.040241
6 0.342039 0.385005 0.022891 0.029843
18 0.328669 0.454736 0.018328 0.039083
0 0.323630 0.247417 0.026062 0.034519
4 0.239750 0.293685 0.019646 0.025278
7 0.207359 0.498269 0.024792 0.035630
11 0.207253 0.356162 0.021557 0.029880
14 0.196536 0.418806 0.020927 0.034463
8 0.019339 0.658352 0.030625 0.044870
12 0.009734 0.481625 0.019469 0.035583
1 0.952549 0.324667 0.027880 0.042815
10 0.144055 0.343370 0.014714 0.027074
