17 0.974289 0.723713 0.039891 0.039574
16 0.981237 0.594884 0.038036 0.039583
15 0.989497 0.510111 0.038964 0.036278
20 0.791690 0.567829 0.027828 0.054417
5 0.459276 0.345380 0.029354 0.040241
6 0.374107 0.415421 0.022891 0.029843
18 0.366117 0.479514 0.018328 0.039083
0 0.356096 0.273676 0.026057 0.034519
4 0.269698 0.320435 0.019646 0.025278
7 0.240068 0.527509 0.024792 0.035630
11 0.240247 0.377162 0.021557 0.029880
14 0.226818 0.451259 0.020927 0.034463
8 0.045143 0.686292 0.030620 0.044861
12 0.034266 0.510347 0.021583 0.035583
10 0.176969 0.369556 0.014719 0.027074
