17 0.932284 0.681736 0.039891 0.039583
16 0.938971 0.562606 0.038036 0.039583
15 0.943242 0.472296 0.038964 0.038481
20 0.748008 0.529977 0.027828 0.054417
5 0.424445 0.320810 0.029349 0.040250
6 0.341440 0.383792 0.022891 0.029843
18 0.328107 0.453736 0.018328 0.039083
0 0.322906 0.246269 0.026062 0.034519
4 0.239026 0.292546 0.019646 0.025278
7 0.206599 0.497130 0.024792 0.035630
11 0.206529 0.355162 0.021557 0.029880
14 0.195854 0.417519 0.020927 0.034463
8 0.018695 0.657495 0.030620 0.044861
12 0.009734 0.481625 0.019469 0.035583
1 0.951945 0.323310 0.027880 0.042806
10 0.143021 0.342157 0.014719 0.027074
