17 0.968052 0.724125 0.039885 0.039583
16 0.975633 0.596079 0.038036 0.039583
15 0.982320 0.510509 0.038964 0.036278
20 0.787029 0.572616 0.027828 0.054417
5 0.454133 0.347917 0.029349 0.040241
6 0.370284 0.419569 0.022891 0.029843
18 0.358174 0.486486 0.018328 0.039083
0 0.353117 0.276389 0.026057 0.034519
4 0.267401 0.325102 0.019646 0.025278
7 0.233000 0.530509 0.024792 0.035630
11 0.236167 0.382801 0.021562 0.029880
14 0.221638 0.452796 0.020922 0.034463
8 0.042466 0.690528 0.030620 0.044870
12 0.032646 0.518306 0.021583 0.035593
10 0.174469 0.374167 0.014719 0.027074
