17 0.931802 0.680310 0.039885 0.039583
16 0.938451 0.561394 0.038036 0.039583
15 0.942763 0.471083 0.038964 0.038481
20 0.747529 0.528981 0.027828 0.054426
5 0.423885 0.319741 0.029354 0.040241
6 0.340836 0.382579 0.022891 0.029843
18 0.327547 0.452741 0.018323 0.039074
0 0.322185 0.245130 0.026057 0.034519
4 0.238307 0.291407 0.019646 0.025278
7 0.205839 0.495991 0.024792 0.035630
11 0.205807 0.354162 0.021563 0.029880
14 0.195172 0.416236 0.020927 0.034472
8 0.018055 0.656639 0.030620 0.044870
1 0.951346 0.321954 0.027880 0.042815
10 0.141990 0.340944 0.014719 0.027074
