17 0.941833 0.708343 0.039885 0.039574
16 0.949203 0.584935 0.038031 0.039574
15 0.952591 0.495102 0.038964 0.038370
20 0.757357 0.548880 0.027828 0.054426
5 0.434958 0.340713 0.029354 0.040241
6 0.352674 0.406403 0.022891 0.029843
18 0.338779 0.472236 0.018328 0.039083
0 0.336148 0.267389 0.026057 0.034519
4 0.252401 0.313611 0.019646 0.025278
7 0.220359 0.518458 0.024792 0.035620
11 0.219891 0.373847 0.021562 0.029880
14 0.208453 0.441343 0.020927 0.034463
8 0.030573 0.673523 0.030625 0.044861
12 0.021599 0.503667 0.021583 0.035593
1 0.963503 0.348491 0.027880 0.042815
10 0.159583 0.362676 0.014719 0.027074
