17 0.959523 0.725556 0.039891 0.039574
16 0.966589 0.595236 0.038031 0.039583
15 0.968268 0.512944 0.038964 0.036278
20 0.771279 0.567352 0.027828 0.054426
5 0.444026 0.352338 0.029354 0.040250
6 0.361258 0.421884 0.022891 0.029843
18 0.350576 0.483222 0.018328 0.039074
0 0.342167 0.278231 0.026062 0.034519
4 0.260266 0.324602 0.019646 0.025278
7 0.222568 0.532796 0.024792 0.035630
11 0.227393 0.387403 0.021557 0.029880
14 0.215099 0.454731 0.020927 0.034463
8 0.037312 0.686505 0.030625 0.044861
12 0.024406 0.516722 0.021583 0.035593
1 0.978708 0.363542 0.026677 0.042528
10 0.165917 0.373000 0.014719 0.027074
