17 0.963456 0.724426 0.039891 0.039574
16 0.971503 0.596958 0.038036 0.039583
15 0.977034 0.510806 0.038964 0.036278
20 0.776617 0.571009 0.027828 0.054426
5 0.450344 0.349787 0.029354 0.040241
6 0.365758 0.423588 0.022891 0.029843
18 0.355458 0.487292 0.018323 0.039083
0 0.348591 0.278000 0.026057 0.034519
4 0.263776 0.328324 0.019646 0.025278
7 0.228927 0.530509 0.024792 0.035630
11 0.230737 0.386829 0.021557 0.029880
14 0.217823 0.453926 0.020927 0.034463
8 0.040203 0.691333 0.030625 0.044870
12 0.029930 0.519912 0.021589 0.035583
1 0.986133 0.364255 0.020661 0.041102
10 0.169911 0.375287 0.014719 0.027074
