17 0.949779 0.716690 0.039891 0.039583
16 0.956786 0.589431 0.038031 0.039583
15 0.958716 0.503940 0.038964 0.037380
20 0.763497 0.557227 0.027828 0.054417
5 0.438568 0.346491 0.029354 0.040241
6 0.356284 0.413468 0.022891 0.029843
18 0.343836 0.476944 0.018328 0.039074
0 0.338315 0.272519 0.026057 0.034519
4 0.255771 0.318324 0.019646 0.025278
7 0.220724 0.525519 0.024792 0.035630
11 0.223138 0.380273 0.021557 0.029880
14 0.211344 0.447759 0.020927 0.034463
8 0.033461 0.679083 0.030620 0.044870
12 0.022318 0.509444 0.021583 0.035593
1 0.970003 0.355551 0.027880 0.042806
10 0.162021 0.367833 0.014719 0.027074
