17 0.955076 0.722255 0.039891 0.039583
16 0.961841 0.592426 0.038036 0.039574
15 0.962794 0.509833 0.038964 0.036722
20 0.767589 0.562787 0.027833 0.054426
5 0.440974 0.350343 0.029354 0.040241
6 0.358690 0.418171 0.022891 0.029843
18 0.347206 0.480083 0.018328 0.039074
0 0.339758 0.275944 0.026057 0.034519
4 0.258021 0.321463 0.019646 0.025278
7 0.220964 0.530227 0.024792 0.035620
11 0.225305 0.384551 0.021557 0.029880
14 0.213268 0.452046 0.020922 0.034463
8 0.035385 0.682792 0.030625 0.044861
12 0.022802 0.513296 0.021583 0.035593
1 0.974336 0.360259 0.027880 0.042815
10 0.163646 0.371278 0.014719 0.027074
