17 0.915273 0.663870 0.039891 0.039574
16 0.921880 0.542162 0.038031 0.039583
15 0.926654 0.451097 0.038964 0.038472
20 0.732263 0.512213 0.027828 0.054426
5 0.404740 0.302903 0.029354 0.040250
6 0.320807 0.370106 0.022896 0.029843
18 0.306711 0.436727 0.018328 0.039083
0 0.302034 0.228222 0.026057 0.034519
4 0.216042 0.275250 0.019646 0.025278
7 0.183536 0.485843 0.024792 0.035630
11 0.184388 0.338903 0.021557 0.029880
14 0.171685 0.405944 0.020922 0.034463
1 0.935539 0.303329 0.027880 0.042806
10 0.120531 0.327250 0.014719 0.027074
