17 0.960898 0.724944 0.039891 0.039574
16 0.968651 0.596458 0.038031 0.039583
15 0.972393 0.511722 0.038964 0.036278
20 0.772727 0.568639 0.027828 0.054426
5 0.446193 0.351481 0.029354 0.040241
6 0.362703 0.422736 0.022896 0.029843
18 0.352260 0.484792 0.018323 0.039083
0 0.344333 0.278231 0.026062 0.034519
4 0.261391 0.326167 0.019646 0.025278
7 0.224734 0.531935 0.024792 0.035630
11 0.228357 0.387403 0.021557 0.029880
14 0.215917 0.454491 0.020927 0.034463
8 0.038276 0.688356 0.030625 0.044861
12 0.026333 0.518005 0.021583 0.035583
1 0.980938 0.363755 0.024875 0.042102
10 0.167115 0.373685 0.014719 0.027074
