17 0.951544 0.718546 0.039891 0.039574
16 0.958471 0.590426 0.038036 0.039574
15 0.960076 0.505903 0.038964 0.037157
20 0.764862 0.559079 0.027828 0.054417
5 0.439370 0.347773 0.029354 0.040250
6 0.357086 0.415032 0.022891 0.029843
18 0.344958 0.477991 0.018323 0.039074
0 0.338794 0.273662 0.026057 0.034509
4 0.256521 0.319370 0.019646 0.025278
7 0.220802 0.527093 0.024792 0.035630
11 0.223862 0.381699 0.021557 0.029880
14 0.211984 0.449190 0.020927 0.034472
8 0.034104 0.680319 0.030625 0.044861
12 0.022479 0.510727 0.021583 0.035583
1 0.971445 0.357120 0.027880 0.042815
10 0.162562 0.368981 0.014719 0.027074
