17 0.966411 0.724231 0.039885 0.039574
16 0.974156 0.596394 0.038031 0.039583
15 0.980435 0.510616 0.038964 0.036287
20 0.783310 0.572042 0.027828 0.054417
5 0.452781 0.348588 0.029354 0.040250
6 0.368667 0.421005 0.022896 0.029843
18 0.357203 0.486773 0.018323 0.039083
0 0.351500 0.276963 0.026062 0.034519
4 0.266104 0.326255 0.019646 0.025269
7 0.231547 0.530509 0.024792 0.035630
11 0.234227 0.384245 0.021557 0.029880
14 0.220276 0.453204 0.020927 0.034463
8 0.041659 0.690815 0.030620 0.044870
12 0.031677 0.518880 0.021583 0.035593
10 0.173047 0.375426 0.014719 0.027074
