17 0.923297 0.671375 0.039885 0.039583
16 0.929904 0.551171 0.038036 0.039583
15 0.934466 0.460486 0.038964 0.038472
20 0.739656 0.520097 0.027833 0.054417
5 0.414031 0.310787 0.029354 0.040241
6 0.330521 0.375736 0.022896 0.029843
18 0.316849 0.444236 0.018323 0.039083
0 0.311747 0.236102 0.026057 0.034519
4 0.226813 0.282759 0.019646 0.025278
7 0.194307 0.490343 0.024792 0.035630
11 0.194737 0.346032 0.021557 0.029880
14 0.183089 0.410444 0.020927 0.034463
8 0.012349 0.652931 0.024698 0.044861
1 0.943141 0.311963 0.027885 0.042815
10 0.132911 0.333556 0.014719 0.027074
