17 0.973633 0.723759 0.039891 0.039574
16 0.980648 0.595009 0.038036 0.039574
15 0.988742 0.510153 0.038964 0.036287
20 0.791466 0.568528 0.027828 0.054426
5 0.458734 0.345648 0.029354 0.040241
6 0.373768 0.415819 0.022891 0.029843
18 0.365161 0.480412 0.018323 0.039083
0 0.355872 0.273981 0.026057 0.034519
4 0.269531 0.320935 0.019646 0.025278
7 0.239281 0.527917 0.024792 0.035630
11 0.239911 0.377755 0.021562 0.029880
14 0.226271 0.451426 0.020927 0.034463
8 0.044872 0.686824 0.030620 0.044870
12 0.034151 0.511347 0.021583 0.035583
10 0.177125 0.370019 0.014719 0.027074
