17 0.931320 0.678884 0.039891 0.039583
16 0.937930 0.560181 0.038036 0.039583
15 0.942279 0.469870 0.038964 0.038481
20 0.747047 0.527981 0.027833 0.054426
5 0.423323 0.318671 0.029354 0.040250
6 0.340234 0.381366 0.022896 0.029843
18 0.326984 0.451741 0.018323 0.039074
0 0.321464 0.243991 0.026062 0.034519
4 0.237583 0.290269 0.019646 0.025278
7 0.205073 0.494852 0.024792 0.035630
11 0.205086 0.353162 0.021557 0.029880
14 0.194490 0.414954 0.020927 0.034463
8 0.017411 0.655782 0.030625 0.044861
1 0.950742 0.320597 0.027880 0.042806
10 0.140958 0.339731 0.014719 0.027074
