17 0.938544 0.700282 0.039891 0.039583
16 0.945753 0.578375 0.038036 0.039583
15 0.949503 0.488060 0.038964 0.038472
20 0.754268 0.542958 0.027828 0.054417
5 0.431750 0.334722 0.029354 0.040241
6 0.349263 0.399560 0.022891 0.029843
18 0.335409 0.466722 0.018328 0.039074
0 0.332294 0.261111 0.026057 0.034519
4 0.248417 0.307389 0.019646 0.025278
7 0.216510 0.511968 0.024792 0.035620
11 0.215919 0.368144 0.021557 0.029880
14 0.204721 0.434213 0.020922 0.034463
8 0.027042 0.668625 0.030625 0.044861
12 0.018396 0.495102 0.021583 0.035593
1 0.959771 0.340926 0.027885 0.042815
10 0.156438 0.357954 0.014719 0.027074
