17 0.928112 0.675880 0.039891 0.039574
16 0.934719 0.556579 0.038031 0.039583
15 0.939154 0.466116 0.038964 0.038472
20 0.744091 0.524829 0.027828 0.054417
5 0.419604 0.315519 0.029354 0.040241
6 0.336349 0.379116 0.022896 0.029843
18 0.322930 0.448736 0.018328 0.039083
0 0.317578 0.240833 0.026062 0.034519
4 0.233276 0.287259 0.019646 0.025278
7 0.200766 0.493046 0.024792 0.035630
11 0.200945 0.350310 0.021557 0.029880
14 0.189930 0.413148 0.020922 0.034463
8 0.014883 0.654356 0.027661 0.044861
1 0.947701 0.317144 0.027880 0.042806
10 0.138896 0.337296 0.014719 0.027074
