17 0.939023 0.701708 0.039891 0.039583
16 0.946273 0.579583 0.038036 0.039574
15 0.949982 0.489273 0.038964 0.038472
20 0.754750 0.543958 0.027833 0.054417
5 0.432310 0.335792 0.029349 0.040250
6 0.349862 0.400773 0.022891 0.029843
18 0.335971 0.467718 0.018328 0.039083
0 0.333018 0.262250 0.026057 0.034519
4 0.249138 0.308528 0.019641 0.025278
7 0.217271 0.513111 0.024792 0.035630
11 0.216641 0.369144 0.021562 0.029880
14 0.205404 0.435491 0.020922 0.034463
8 0.027682 0.669477 0.030625 0.044861
12 0.019021 0.496685 0.021583 0.035593
1 0.960372 0.342282 0.027880 0.042806
10 0.157469 0.359167 0.014719 0.027074
