17 0.934211 0.687444 0.039891 0.039574
16 0.941057 0.567458 0.038031 0.039583
15 0.945169 0.477144 0.038964 0.038472
20 0.749935 0.533972 0.027828 0.054426
5 0.426693 0.325093 0.029354 0.040241
6 0.343846 0.388644 0.022891 0.029843
18 0.330354 0.457736 0.018323 0.039083
0 0.325797 0.250833 0.026062 0.034519
4 0.241917 0.297111 0.019646 0.025278
7 0.209651 0.501694 0.024792 0.035630
11 0.209419 0.359153 0.021557 0.029880
14 0.198583 0.422657 0.020927 0.034463
8 0.021263 0.660921 0.030620 0.044861
12 0.012047 0.484301 0.020260 0.035583
1 0.954354 0.328731 0.027885 0.042815
10 0.147151 0.347019 0.014719 0.027074
