17 0.950661 0.717616 0.039885 0.039583
16 0.957628 0.589931 0.038036 0.039583
15 0.959393 0.504921 0.038964 0.037269
20 0.764180 0.558153 0.027828 0.054417
5 0.438969 0.347134 0.029354 0.040250
6 0.356685 0.414255 0.022891 0.029843
18 0.344398 0.477468 0.018328 0.039083
0 0.338555 0.273093 0.026057 0.034519
4 0.256146 0.318843 0.019646 0.025278
7 0.220760 0.526306 0.024792 0.035630
11 0.223503 0.380986 0.021557 0.029880
14 0.211664 0.448477 0.020922 0.034472
8 0.033781 0.679699 0.030625 0.044861
12 0.022401 0.510088 0.021583 0.035583
1 0.970724 0.356333 0.027885 0.042815
10 0.162292 0.368407 0.014719 0.027074
