17 0.961357 0.724741 0.039891 0.039574
16 0.969339 0.596866 0.038031 0.039583
15 0.973768 0.511315 0.038964 0.036278
20 0.773206 0.569065 0.027828 0.054426
5 0.446914 0.351199 0.029349 0.040250
6 0.363185 0.423023 0.022891 0.029843
18 0.352823 0.485315 0.018323 0.039074
0 0.345055 0.278231 0.026057 0.034519
4 0.261763 0.326694 0.019641 0.025278
7 0.225458 0.531657 0.024792 0.035630
11 0.228677 0.387403 0.021562 0.029880
14 0.216188 0.454412 0.020927 0.034472
8 0.038596 0.688977 0.030620 0.044861
12 0.026974 0.518431 0.021583 0.035583
1 0.981677 0.363824 0.024271 0.041963
10 0.167516 0.373917 0.014719 0.027074
