17 0.940951 0.707417 0.039891 0.039574
16 0.948359 0.584435 0.038031 0.039574
15 0.951909 0.494120 0.038964 0.038481
20 0.756674 0.547954 0.027828 0.054426
5 0.434557 0.340069 0.029354 0.040250
6 0.352271 0.405620 0.022896 0.029833
18 0.338219 0.471713 0.018323 0.039074
0 0.335906 0.266815 0.026063 0.034519
4 0.252026 0.313093 0.019646 0.025278
7 0.220323 0.517676 0.024792 0.035630
11 0.219529 0.373134 0.021557 0.029880
14 0.208133 0.440630 0.020922 0.034463
8 0.030250 0.672903 0.030625 0.044861
12 0.021516 0.503023 0.021583 0.035583
1 0.962779 0.347704 0.027880 0.042815
10 0.159312 0.362102 0.014719 0.027074
