17 0.973961 0.723736 0.039891 0.039583
16 0.980943 0.594949 0.038031 0.039583
15 0.989117 0.510134 0.038964 0.036287
20 0.791578 0.568181 0.027833 0.054417
5 0.459005 0.345514 0.029354 0.040250
6 0.373938 0.415620 0.022896 0.029833
18 0.365641 0.479958 0.018323 0.039083
0 0.355984 0.273833 0.026062 0.034519
4 0.269615 0.320685 0.019646 0.025278
7 0.239672 0.527713 0.024792 0.035630
11 0.240081 0.377458 0.021557 0.029880
14 0.226544 0.451343 0.020922 0.034463
8 0.045008 0.686556 0.030620 0.044870
12 0.034208 0.510847 0.021583 0.035583
10 0.177047 0.369787 0.014719 0.027074
