17 0.957721 0.725037 0.039891 0.039574
16 0.964370 0.593921 0.038031 0.039583
15 0.964836 0.512778 0.038964 0.036389
20 0.769635 0.565569 0.027833 0.054417
5 0.442180 0.352269 0.029349 0.040241
6 0.359893 0.420528 0.022891 0.029833
18 0.348891 0.481653 0.018323 0.039083
0 0.340482 0.277657 0.026057 0.034519
4 0.259141 0.323028 0.019646 0.025278
7 0.221083 0.532583 0.024792 0.035630
11 0.226388 0.386690 0.021557 0.029880
14 0.214232 0.454185 0.020922 0.034463
8 0.036349 0.684648 0.030625 0.044870
12 0.023042 0.515222 0.021583 0.035593
1 0.976503 0.362611 0.027880 0.042815
10 0.164716 0.372306 0.014714 0.027074
