17 0.974945 0.723671 0.039891 0.039583
16 0.981828 0.594759 0.038031 0.039574
15 0.990253 0.510069 0.038964 0.036287
20 0.791914 0.567130 0.027828 0.054426
5 0.459818 0.345111 0.029354 0.040241
6 0.374445 0.415023 0.022891 0.029843
18 0.367073 0.478611 0.018323 0.039074
0 0.356320 0.273380 0.026057 0.034519
4 0.269867 0.319935 0.019641 0.025278
7 0.240854 0.527111 0.024792 0.035630
11 0.240586 0.376560 0.021557 0.029880
14 0.227362 0.451102 0.020922 0.034463
8 0.045414 0.685755 0.030620 0.044861
12 0.034375 0.509347 0.021583 0.035583
10 0.176813 0.369102 0.014719 0.027074
