17 0.954190 0.721324 0.039891 0.039574
16 0.960997 0.591926 0.038036 0.039574
15 0.962117 0.508852 0.038964 0.036833
20 0.766909 0.561861 0.027828 0.054426
5 0.440573 0.349699 0.029354 0.040250
6 0.358289 0.417394 0.022891 0.029843
18 0.346643 0.479560 0.018328 0.039083
0 0.339518 0.275370 0.026057 0.034519
4 0.257646 0.320935 0.019646 0.025278
7 0.220922 0.529444 0.024792 0.035630
11 0.224945 0.383838 0.021557 0.029880
14 0.212948 0.451329 0.020927 0.034472
8 0.035065 0.682171 0.030620 0.044861
12 0.022719 0.512653 0.021583 0.035583
1 0.973612 0.359472 0.027880 0.042815
10 0.163375 0.370704 0.014719 0.027074
