17 0.920086 0.668375 0.039891 0.039583
16 0.926695 0.547569 0.038036 0.039583
15 0.931341 0.456731 0.038964 0.038481
20 0.736701 0.516944 0.027828 0.054426
5 0.410312 0.307634 0.029354 0.040250
6 0.326635 0.373486 0.022896 0.029843
18 0.312794 0.441231 0.018328 0.039074
0 0.307862 0.232954 0.026057 0.034519
4 0.222505 0.279750 0.019646 0.025278
7 0.189995 0.488546 0.024792 0.035630
11 0.190596 0.343181 0.021557 0.029880
14 0.178526 0.408648 0.020927 0.034463
8 0.012349 0.652931 0.024698 0.044861
1 0.940102 0.308509 0.027880 0.042815
10 0.127958 0.331037 0.014719 0.027074
