17 0.952424 0.719472 0.039891 0.039574
16 0.959313 0.590926 0.038031 0.039574
15 0.960753 0.506889 0.038964 0.037056
20 0.765544 0.560009 0.027828 0.054426
5 0.439771 0.348417 0.029354 0.040241
6 0.357487 0.415819 0.022891 0.029843
18 0.345521 0.478514 0.018323 0.039083
0 0.339036 0.274231 0.026063 0.034519
4 0.256896 0.319889 0.019646 0.025278
7 0.220844 0.527870 0.024792 0.035630
11 0.224221 0.382412 0.021557 0.029880
14 0.212305 0.449903 0.020922 0.034472
8 0.034424 0.680940 0.030620 0.044861
12 0.022560 0.511370 0.021589 0.035593
1 0.972169 0.357903 0.027880 0.042806
10 0.162833 0.369556 0.014719 0.027074
