17 0.968380 0.724102 0.039885 0.039574
16 0.975927 0.596014 0.038031 0.039583
15 0.982701 0.510491 0.038964 0.036278
20 0.787773 0.572731 0.027828 0.054426
5 0.454401 0.347787 0.029354 0.040241
6 0.370607 0.419282 0.022891 0.029843
18 0.358367 0.486431 0.018328 0.039083
0 0.353440 0.276278 0.026057 0.034519
4 0.267656 0.324880 0.019646 0.025278
7 0.233292 0.530509 0.024792 0.035630
11 0.236555 0.382514 0.021557 0.029880
14 0.221911 0.452713 0.020927 0.034463
8 0.042630 0.690468 0.030625 0.044861
12 0.032839 0.518190 0.021583 0.035583
10 0.174750 0.373917 0.014719 0.027074
