17 0.972977 0.723801 0.039891 0.039583
16 0.980057 0.595134 0.038031 0.039583
15 0.987987 0.510194 0.038964 0.036278
20 0.791242 0.569227 0.027828 0.054417
5 0.458193 0.345912 0.029354 0.040250
6 0.373430 0.416218 0.022891 0.029843
18 0.364206 0.481310 0.018328 0.039083
0 0.355646 0.274278 0.026062 0.034519
4 0.269359 0.321435 0.019646 0.025278
7 0.238495 0.528315 0.024792 0.035630
11 0.239576 0.378356 0.021557 0.029880
14 0.225727 0.451583 0.020922 0.034463
8 0.044602 0.687356 0.030620 0.044861
12 0.034039 0.512347 0.021589 0.035583
10 0.177276 0.370472 0.014719 0.027074
