17 0.935172 0.690296 0.039885 0.039574
16 0.942102 0.569884 0.038036 0.039583
15 0.946133 0.479569 0.038964 0.038472
20 0.750898 0.535972 0.027828 0.054426
5 0.427818 0.327231 0.029354 0.040241
6 0.345049 0.391069 0.022891 0.029843
18 0.331477 0.459731 0.018328 0.039074
0 0.327240 0.253120 0.026063 0.034519
4 0.243359 0.299398 0.019646 0.025278
7 0.211172 0.503981 0.024792 0.035630
11 0.210862 0.361153 0.021557 0.029880
14 0.199948 0.425222 0.020927 0.034463
8 0.022547 0.662630 0.030625 0.044870
12 0.013589 0.486083 0.020792 0.035593
1 0.955557 0.331440 0.027885 0.042806
10 0.149214 0.349449 0.014719 0.027065
