17 0.916878 0.665370 0.039891 0.039574
16 0.923484 0.543963 0.038031 0.039574
15 0.928216 0.452977 0.038964 0.038472
20 0.733742 0.513792 0.027828 0.054417
5 0.406599 0.304481 0.029354 0.040241
6 0.322750 0.371236 0.022896 0.029843
18 0.308740 0.438227 0.018323 0.039083
0 0.303977 0.229796 0.026057 0.034519
4 0.218198 0.276750 0.019646 0.025278
7 0.185687 0.486741 0.024792 0.035630
11 0.186461 0.340329 0.021557 0.029880
14 0.173966 0.406843 0.020922 0.034463
1 0.937060 0.305056 0.027880 0.042815
10 0.123005 0.328519 0.014719 0.027074
