17 0.961815 0.724537 0.039891 0.039574
16 0.970026 0.597273 0.038031 0.039583
15 0.975148 0.510907 0.038964 0.036278
20 0.773687 0.569495 0.027833 0.054417
5 0.447635 0.350912 0.029354 0.040250
6 0.363664 0.423310 0.022891 0.029843
18 0.353385 0.485838 0.018323 0.039083
0 0.345776 0.278231 0.026062 0.034519
4 0.262135 0.327213 0.019646 0.025278
7 0.226177 0.531370 0.024792 0.035630
11 0.228997 0.387403 0.021557 0.029880
14 0.216461 0.454333 0.020922 0.034463
8 0.038917 0.689593 0.030625 0.044870
12 0.027615 0.518861 0.021583 0.035593
1 0.982419 0.363898 0.023672 0.041815
10 0.167917 0.374139 0.014719 0.027074
