17 0.959982 0.725352 0.039891 0.039574
16 0.967276 0.595644 0.038031 0.039583
15 0.969643 0.512537 0.038964 0.036278
20 0.771763 0.567782 0.027828 0.054417
5 0.444747 0.352056 0.029349 0.040241
6 0.361742 0.422171 0.022891 0.029843
18 0.351138 0.483745 0.018328 0.039083
0 0.342888 0.278231 0.026057 0.034519
4 0.260641 0.325120 0.019646 0.025278
7 0.223292 0.532509 0.024792 0.035630
11 0.227714 0.387403 0.021563 0.029880
14 0.215370 0.454657 0.020927 0.034463
8 0.037635 0.687120 0.030625 0.044870
12 0.025047 0.517148 0.021583 0.035593
1 0.979451 0.363611 0.026078 0.042389
10 0.166318 0.373222 0.014719 0.027074
