17 0.967724 0.724148 0.039885 0.039574
16 0.975336 0.596144 0.038036 0.039583
15 0.981945 0.510532 0.038964 0.036287
20 0.786284 0.572500 0.027828 0.054426
5 0.453862 0.348051 0.029349 0.040250
6 0.369961 0.419856 0.022891 0.029843
18 0.357979 0.486542 0.018323 0.039083
0 0.352792 0.276500 0.026062 0.034519
4 0.267141 0.325333 0.019646 0.025278
7 0.232708 0.530509 0.024792 0.035630
11 0.235779 0.383088 0.021557 0.029880
14 0.221367 0.452880 0.020922 0.034463
8 0.042305 0.690588 0.030620 0.044861
12 0.032453 0.518421 0.021583 0.035583
10 0.174182 0.374417 0.014719 0.027074
