17 0.974617 0.723694 0.039891 0.039574
16 0.981531 0.594819 0.038031 0.039583
15 0.989872 0.510093 0.038964 0.036278
20 0.791805 0.567481 0.027828 0.054426
5 0.459547 0.345245 0.029354 0.040250
6 0.374273 0.415218 0.022891 0.029843
18 0.366596 0.479060 0.018328 0.039083
0 0.356208 0.273528 0.026063 0.034519
4 0.269781 0.320185 0.019646 0.025278
7 0.240458 0.527315 0.024792 0.035630
11 0.240419 0.376856 0.021557 0.029880
14 0.227089 0.451185 0.020927 0.034463
8 0.045279 0.686023 0.030620 0.044861
12 0.034320 0.509847 0.021589 0.035583
10 0.176891 0.369324 0.014719 0.027074
