17 0.955956 0.723181 0.039891 0.039583
16 0.962685 0.592921 0.038036 0.039583
15 0.963477 0.510815 0.038964 0.036611
20 0.768271 0.563718 0.027833 0.054417
5 0.441378 0.350986 0.029349 0.040250
6 0.359091 0.418958 0.022891 0.029843
18 0.347768 0.480606 0.018328 0.039083
0 0.340000 0.276519 0.026063 0.034519
4 0.258391 0.321981 0.019646 0.025278
7 0.221000 0.531009 0.024792 0.035630
11 0.225669 0.385264 0.021557 0.029880
14 0.213589 0.452759 0.020927 0.034463
8 0.035708 0.683412 0.030625 0.044861
12 0.022880 0.513940 0.021583 0.035583
1 0.975057 0.361042 0.027885 0.042806
10 0.163917 0.371852 0.014719 0.027074
