17 0.945365 0.712056 0.039885 0.039574
16 0.952573 0.586931 0.038031 0.039583
15 0.955310 0.499032 0.038964 0.037935
20 0.760086 0.552588 0.027828 0.054417
5 0.436563 0.343282 0.029354 0.040250
6 0.354279 0.409542 0.022891 0.029843
18 0.341026 0.474329 0.018323 0.039083
0 0.337109 0.269667 0.026062 0.034519
4 0.253901 0.315704 0.019646 0.025278
7 0.220521 0.521593 0.024792 0.035630
11 0.221336 0.376699 0.021557 0.029880
14 0.209737 0.444194 0.020922 0.034463
8 0.031857 0.675995 0.030620 0.044861
12 0.021917 0.506236 0.021583 0.035583
1 0.966391 0.351625 0.027885 0.042806
10 0.160667 0.364972 0.014719 0.027074
