17 0.967068 0.724190 0.039885 0.039583
16 0.974747 0.596269 0.038036 0.039574
15 0.981190 0.510574 0.038964 0.036278
20 0.784799 0.572273 0.027828 0.054417
5 0.453320 0.348319 0.029349 0.040250
6 0.369315 0.420431 0.022891 0.029843
18 0.357591 0.486662 0.018328 0.039083
0 0.352146 0.276731 0.026062 0.034519
4 0.266625 0.325796 0.019646 0.025278
7 0.232125 0.530509 0.024792 0.035630
11 0.235003 0.383671 0.021557 0.029880
14 0.220820 0.453037 0.020922 0.034463
8 0.041982 0.690699 0.030620 0.044861
12 0.032063 0.518648 0.021583 0.035593
10 0.173615 0.374926 0.014719 0.027074
