17 0.971992 0.723866 0.039891 0.039583
16 0.979172 0.595324 0.038031 0.039574
15 0.986852 0.510259 0.038964 0.036278
20 0.790904 0.570278 0.027828 0.054426
5 0.457380 0.346315 0.029354 0.040241
6 0.372924 0.416819 0.022891 0.029843
18 0.362773 0.482662 0.018328 0.039083
0 0.355310 0.274731 0.026057 0.034519
4 0.269109 0.322185 0.019646 0.025278
7 0.237312 0.528917 0.024792 0.035630
11 0.239068 0.379255 0.021562 0.029880
14 0.224909 0.451824 0.020922 0.034463
8 0.044195 0.688162 0.030620 0.044861
12 0.033870 0.513847 0.021583 0.035583
10 0.177510 0.371157 0.014719 0.027074
