17 0.942716 0.709273 0.039891 0.039583
16 0.950044 0.585435 0.038036 0.039574
15 0.953268 0.496083 0.038964 0.038259
20 0.758039 0.549806 0.027828 0.054426
5 0.435359 0.341356 0.029354 0.040250
6 0.353076 0.407190 0.022891 0.029843
18 0.339341 0.472759 0.018328 0.039074
0 0.336388 0.267954 0.026057 0.034519
4 0.252776 0.314139 0.019646 0.025278
7 0.220401 0.519241 0.024792 0.035630
11 0.220253 0.374560 0.021557 0.029880
14 0.208776 0.442056 0.020927 0.034463
8 0.030893 0.674139 0.030620 0.044870
12 0.021677 0.504310 0.021583 0.035583
1 0.964224 0.349273 0.027885 0.042806
10 0.159854 0.363250 0.014719 0.027074
