17 0.940469 0.705991 0.039885 0.039574
16 0.947839 0.583222 0.038031 0.039574
15 0.951430 0.492907 0.038964 0.038481
20 0.756195 0.546954 0.027828 0.054426
5 0.433995 0.339000 0.029354 0.040241
6 0.351669 0.404412 0.022891 0.029843
18 0.337656 0.470718 0.018323 0.039083
0 0.335185 0.265676 0.026057 0.034519
4 0.251305 0.311954 0.019641 0.025278
7 0.219557 0.516532 0.024792 0.035620
11 0.218807 0.372134 0.021562 0.029880
14 0.207451 0.439343 0.020922 0.034463
8 0.029609 0.672046 0.030625 0.044870
12 0.020891 0.501440 0.021583 0.035583
1 0.962177 0.346347 0.027885 0.042806
10 0.159042 0.361528 0.014719 0.027074
