17 0.971008 0.723931 0.039891 0.039583
16 0.978286 0.595514 0.038031 0.039583
15 0.985721 0.510324 0.038964 0.036278
20 0.790565 0.571329 0.027828 0.054417
5 0.456568 0.346713 0.029354 0.040241
6 0.372419 0.417421 0.022891 0.029843
18 0.361339 0.484009 0.018323 0.039074
0 0.354971 0.275176 0.026057 0.034519
4 0.268854 0.322935 0.019646 0.025278
7 0.236130 0.529509 0.024792 0.035630
11 0.238562 0.380153 0.021563 0.029880
14 0.224091 0.452069 0.020922 0.034472
8 0.043792 0.688958 0.030625 0.044861
12 0.033703 0.515347 0.021583 0.035583
10 0.177021 0.371898 0.014719 0.027074
