17 0.970680 0.723954 0.039891 0.039574
16 0.977992 0.595574 0.038036 0.039574
15 0.985341 0.510343 0.038964 0.036278
20 0.790453 0.571676 0.027833 0.054426
5 0.456297 0.346847 0.029354 0.040250
6 0.372253 0.417616 0.022891 0.029843
18 0.360862 0.484458 0.018328 0.039083
0 0.354859 0.275333 0.026063 0.034519
4 0.268771 0.323185 0.019646 0.025278
7 0.235740 0.529713 0.024792 0.035630
11 0.238393 0.380458 0.021557 0.029880
14 0.223818 0.452148 0.020927 0.034463
8 0.043656 0.689227 0.030625 0.044861
12 0.033646 0.515847 0.021583 0.035583
10 0.176734 0.372148 0.014719 0.027074
