17 0.946247 0.712981 0.039891 0.039574
16 0.953414 0.587431 0.038036 0.039583
15 0.955992 0.500014 0.038964 0.037824
20 0.760768 0.553519 0.027828 0.054426
5 0.436964 0.343921 0.029354 0.040250
6 0.354680 0.410329 0.022891 0.029843
18 0.341589 0.474852 0.018323 0.039074
0 0.337352 0.270241 0.026057 0.034519
4 0.254276 0.316231 0.019646 0.025278
7 0.220563 0.522380 0.024792 0.035630
11 0.221695 0.377412 0.021557 0.029880
14 0.210060 0.444907 0.020922 0.034463
8 0.032177 0.676611 0.030625 0.044870
12 0.022000 0.506875 0.021583 0.035583
1 0.967112 0.352412 0.027880 0.042806
10 0.160938 0.365546 0.014719 0.027074
