17 0.963128 0.724449 0.039891 0.039583
16 0.971208 0.597023 0.038031 0.039583
15 0.976659 0.510824 0.038964 0.036278
20 0.775875 0.570894 0.027833 0.054417
5 0.450073 0.349921 0.029354 0.040250
6 0.365435 0.423875 0.022891 0.029843
18 0.355263 0.487347 0.018328 0.039083
0 0.348266 0.278111 0.026063 0.034519
4 0.263521 0.328556 0.019646 0.025278
7 0.228635 0.530509 0.024792 0.035630
11 0.230346 0.387116 0.021557 0.029880
14 0.217549 0.454009 0.020922 0.034463
8 0.040042 0.691394 0.030625 0.044861
12 0.029734 0.520028 0.021583 0.035593
1 0.985391 0.364181 0.021271 0.041250
10 0.169516 0.375056 0.014719 0.027074
