17 0.948896 0.715764 0.039885 0.039583
16 0.955943 0.588931 0.038031 0.039583
15 0.958034 0.502958 0.038964 0.037491
20 0.762815 0.556296 0.027828 0.054426
5 0.438167 0.345847 0.029354 0.040250
6 0.355883 0.412681 0.022891 0.029843
18 0.343273 0.476421 0.018328 0.039083
0 0.338073 0.271954 0.026062 0.034519
4 0.255396 0.317796 0.019646 0.025278
7 0.220682 0.524731 0.024792 0.035630
11 0.222779 0.379560 0.021557 0.029880
14 0.211021 0.447046 0.020927 0.034463
8 0.033141 0.678468 0.030625 0.044861
12 0.022240 0.508801 0.021583 0.035583
1 0.969279 0.354764 0.027880 0.042806
10 0.161750 0.367264 0.014719 0.027065
