17 0.962143 0.724514 0.039891 0.039583
16 0.970323 0.597213 0.038031 0.039574
15 0.975523 0.510889 0.038964 0.036278
20 0.774169 0.569921 0.027828 0.054417
5 0.448359 0.350630 0.029354 0.040241
6 0.364148 0.423597 0.022891 0.029843
18 0.353945 0.486361 0.018328 0.039074
0 0.346500 0.278231 0.026062 0.034519
4 0.262510 0.327741 0.019646 0.025278
7 0.226901 0.531083 0.024792 0.035630
11 0.229318 0.387403 0.021563 0.029880
14 0.216734 0.454250 0.020927 0.034463
8 0.039240 0.690208 0.030625 0.044861
12 0.028258 0.519287 0.021589 0.035593
1 0.983161 0.363968 0.023073 0.041676
10 0.168312 0.374370 0.014719 0.027074
