17 0.935654 0.691722 0.039891 0.039574
16 0.942622 0.571097 0.038036 0.039583
15 0.946612 0.480782 0.038964 0.038472
20 0.751380 0.536968 0.027833 0.054417
5 0.428378 0.328301 0.029349 0.040250
6 0.345651 0.392282 0.022896 0.029843
18 0.332039 0.460727 0.018328 0.039083
0 0.327964 0.254259 0.026063 0.034519
4 0.244083 0.300537 0.019646 0.025278
7 0.211938 0.505120 0.024792 0.035630
11 0.211586 0.362153 0.021557 0.029880
14 0.200630 0.426509 0.020927 0.034463
8 0.023190 0.663486 0.030620 0.044861
12 0.014357 0.486977 0.021057 0.035583
1 0.956159 0.332796 0.027880 0.042815
10 0.150245 0.350667 0.014719 0.027074
