17 0.968708 0.724083 0.039885 0.039574
16 0.976221 0.595954 0.038036 0.039574
15 0.983076 0.510468 0.038964 0.036287
20 0.788516 0.572847 0.027833 0.054417
5 0.454672 0.347648 0.029354 0.040241
6 0.370930 0.418995 0.022891 0.029843
18 0.358563 0.486375 0.018323 0.039083
0 0.353763 0.276157 0.026057 0.034519
4 0.267917 0.324648 0.019646 0.025278
7 0.233583 0.530509 0.024792 0.035630
11 0.236943 0.382227 0.021562 0.029880
14 0.222185 0.452634 0.020922 0.034472
8 0.042792 0.690412 0.030625 0.044861
12 0.033031 0.518074 0.021583 0.035593
10 0.175036 0.373657 0.014719 0.027074
