17 0.969695 0.724019 0.039891 0.039574
16 0.977107 0.595764 0.038036 0.039583
15 0.984211 0.510407 0.038964 0.036278
20 0.790117 0.572727 0.027828 0.054417
5 0.455484 0.347250 0.029354 0.040241
6 0.371745 0.418218 0.022896 0.029843
18 0.359427 0.485810 0.018323 0.039083
0 0.354521 0.275778 0.026063 0.034519
4 0.268516 0.323935 0.019646 0.025278
7 0.234557 0.530315 0.024792 0.035630
11 0.237888 0.381356 0.021557 0.029880
14 0.223000 0.452389 0.020927 0.034463
8 0.043250 0.690032 0.030625 0.044861
12 0.033479 0.517347 0.021583 0.035583
10 0.175885 0.372907 0.014719 0.027074
