17 0.918482 0.666870 0.039891 0.039574
16 0.925089 0.545764 0.038031 0.039583
15 0.929779 0.454852 0.038964 0.038481
20 0.735221 0.515366 0.027828 0.054417
5 0.408456 0.306056 0.029349 0.040241
6 0.324693 0.372356 0.022896 0.029843
18 0.310766 0.439727 0.018323 0.039083
0 0.305919 0.231375 0.026057 0.034509
4 0.220352 0.278250 0.019641 0.025278
7 0.187844 0.487639 0.024792 0.035630
11 0.188529 0.341755 0.021557 0.029880
14 0.176245 0.407741 0.020927 0.034463
1 0.938581 0.306782 0.027880 0.042806
10 0.125484 0.329778 0.014719 0.027074
