17 0.953310 0.720398 0.039891 0.039574
16 0.960156 0.591426 0.038031 0.039574
15 0.961435 0.507870 0.038964 0.036944
20 0.766227 0.560935 0.027828 0.054426
5 0.440172 0.349060 0.029354 0.040250
6 0.357888 0.416606 0.022891 0.029843
18 0.346083 0.479037 0.018323 0.039074
0 0.339276 0.274806 0.026062 0.034519
4 0.257271 0.320417 0.019646 0.025278
7 0.220880 0.528657 0.024792 0.035630
11 0.224586 0.383125 0.021557 0.029880
14 0.212628 0.450616 0.020922 0.034472
8 0.034745 0.681556 0.030625 0.044870
12 0.022641 0.512014 0.021583 0.035583
1 0.972891 0.358690 0.027885 0.042806
10 0.163104 0.370130 0.014719 0.027074
