17 0.960440 0.725148 0.039891 0.039574
16 0.967964 0.596051 0.038031 0.039583
15 0.971018 0.512130 0.038964 0.036278
20 0.772242 0.568208 0.027828 0.054417
5 0.445469 0.351769 0.029354 0.040241
6 0.362221 0.422454 0.022891 0.029833
18 0.351701 0.484269 0.018328 0.039074
0 0.343609 0.278231 0.026062 0.034519
4 0.261016 0.325648 0.019646 0.025278
7 0.224010 0.532222 0.024792 0.035630
11 0.228034 0.387403 0.021557 0.029880
14 0.215643 0.454574 0.020922 0.034463
8 0.037956 0.687736 0.030620 0.044861
12 0.025688 0.517574 0.021583 0.035593
1 0.980193 0.363685 0.025479 0.042241
10 0.166714 0.373454 0.014719 0.027074
