17 0.936135 0.693153 0.039885 0.039583
16 0.943143 0.572310 0.038036 0.039583
15 0.947096 0.481995 0.038964 0.038472
20 0.751862 0.537968 0.027828 0.054417
5 0.428937 0.329370 0.029354 0.040241
6 0.346253 0.393495 0.022891 0.029843
18 0.332602 0.461727 0.018328 0.039083
0 0.328685 0.255398 0.026057 0.034519
4 0.244807 0.301676 0.019646 0.025278
7 0.212698 0.506259 0.024792 0.035630
11 0.212307 0.363153 0.021562 0.029880
14 0.201312 0.427787 0.020927 0.034463
8 0.023831 0.664343 0.030620 0.044870
12 0.015128 0.487866 0.021318 0.035583
1 0.956760 0.334153 0.027885 0.042806
10 0.151276 0.351880 0.014719 0.027074
