17 0.938062 0.698856 0.039885 0.039583
16 0.945232 0.577162 0.038036 0.039583
15 0.949023 0.486847 0.038964 0.038472
20 0.753789 0.541963 0.027828 0.054426
5 0.431188 0.333653 0.029354 0.040250
6 0.348659 0.398347 0.022891 0.029843
18 0.334849 0.465722 0.018323 0.039074
0 0.331573 0.259963 0.026062 0.034519
4 0.247693 0.306241 0.019646 0.025278
7 0.215745 0.510824 0.024792 0.035630
11 0.215195 0.367144 0.021557 0.029880
14 0.204042 0.432926 0.020927 0.034463
8 0.026398 0.667764 0.030620 0.044861
12 0.017771 0.493514 0.021583 0.035583
1 0.959169 0.339574 0.027880 0.042815
10 0.155406 0.356741 0.014719 0.027074
