17 0.966740 0.724213 0.039885 0.039574
16 0.974453 0.596329 0.038031 0.039583
15 0.980810 0.510593 0.038964 0.036278
20 0.784055 0.572157 0.027828 0.054426
5 0.453052 0.348454 0.029354 0.040241
6 0.368990 0.420718 0.022896 0.029843
18 0.357398 0.486718 0.018328 0.039083
0 0.351823 0.276852 0.026062 0.034519
4 0.266365 0.326028 0.019646 0.025278
7 0.231839 0.530509 0.024792 0.035630
11 0.234617 0.383958 0.021557 0.029880
14 0.220549 0.453120 0.020922 0.034463
8 0.041820 0.690755 0.030620 0.044861
12 0.031870 0.518764 0.021583 0.035583
10 0.173333 0.375176 0.014719 0.027074
