17 0.963784 0.724407 0.039891 0.039574
16 0.971797 0.596898 0.038031 0.039574
15 0.977414 0.510782 0.038964 0.036287
20 0.777362 0.571120 0.027828 0.054426
5 0.450615 0.349657 0.029354 0.040241
6 0.366081 0.423301 0.022891 0.029843
18 0.355651 0.487236 0.018323 0.039083
0 0.348914 0.277880 0.026057 0.034519
4 0.264036 0.328093 0.019646 0.025278
7 0.229219 0.530509 0.024792 0.035630
11 0.231122 0.386542 0.021557 0.029880
14 0.218096 0.453843 0.020922 0.034463
8 0.040365 0.691273 0.030625 0.044861
12 0.030125 0.519801 0.021583 0.035583
1 0.986875 0.364329 0.020062 0.040972
10 0.170313 0.375519 0.014719 0.027074
