17 0.948013 0.714833 0.039891 0.039574
16 0.955102 0.588431 0.038036 0.039583
15 0.957352 0.501977 0.038964 0.037602
20 0.762133 0.555370 0.027828 0.054426
5 0.437766 0.345208 0.029354 0.040250
6 0.355482 0.411894 0.022891 0.029843
18 0.342711 0.475898 0.018328 0.039074
0 0.337833 0.271380 0.026062 0.034519
4 0.255021 0.317278 0.019646 0.025278
7 0.220641 0.523954 0.024792 0.035630
11 0.222419 0.378847 0.021557 0.029880
14 0.210701 0.446333 0.020922 0.034463
8 0.032818 0.677847 0.030625 0.044861
12 0.022159 0.508162 0.021589 0.035583
1 0.968557 0.353981 0.027885 0.042815
10 0.161479 0.366694 0.014719 0.027074
