17 0.944482 0.711125 0.039891 0.039583
16 0.951729 0.586431 0.038031 0.039583
15 0.954633 0.498046 0.038964 0.038037
20 0.759404 0.551662 0.027828 0.054417
5 0.436161 0.342639 0.029354 0.040241
6 0.353878 0.408759 0.022891 0.029833
18 0.340466 0.473806 0.018328 0.039074
0 0.336870 0.269093 0.026062 0.034519
4 0.253526 0.315185 0.019646 0.025278
7 0.220479 0.520815 0.024792 0.035630
11 0.220974 0.375986 0.021563 0.029880
14 0.209417 0.443481 0.020927 0.034463
8 0.031536 0.675375 0.030625 0.044861
12 0.021839 0.505593 0.021583 0.035593
1 0.965669 0.350843 0.027880 0.042815
10 0.160396 0.364398 0.014719 0.027074
