17 0.964112 0.724384 0.039891 0.039583
16 0.972091 0.596833 0.038036 0.039574
15 0.977789 0.510759 0.038964 0.036278
20 0.778107 0.571236 0.027828 0.054417
5 0.450885 0.349523 0.029354 0.040250
6 0.366404 0.423014 0.022891 0.029843
18 0.355846 0.487176 0.018328 0.039074
0 0.349237 0.277769 0.026057 0.034519
4 0.264297 0.327861 0.019646 0.025278
7 0.229510 0.530509 0.024792 0.035630
11 0.231513 0.386255 0.021557 0.029880
14 0.218367 0.453769 0.020922 0.034463
8 0.040526 0.691218 0.030625 0.044861
12 0.030318 0.519685 0.021583 0.035593
1 0.987617 0.364403 0.019464 0.040824
10 0.170714 0.375750 0.014719 0.027074
