17 0.967396 0.724167 0.039885 0.039574
16 0.975042 0.596204 0.038031 0.039574
15 0.981565 0.510551 0.038964 0.036287
20 0.785542 0.572389 0.027833 0.054426
5 0.453591 0.348185 0.029349 0.040241
6 0.369638 0.420144 0.022891 0.029843
18 0.357786 0.486602 0.018323 0.039074
0 0.352469 0.276620 0.026062 0.034519
4 0.266880 0.325565 0.019646 0.025278
7 0.232417 0.530509 0.024792 0.035630
11 0.235391 0.383375 0.021562 0.029880
14 0.221094 0.452958 0.020927 0.034472
8 0.042143 0.690644 0.030620 0.044861
12 0.032255 0.518537 0.021583 0.035593
10 0.173901 0.374667 0.014719 0.027074
