17 0.971664 0.723889 0.039891 0.039574
16 0.978878 0.595384 0.038036 0.039583
15 0.986477 0.510278 0.038964 0.036278
20 0.790789 0.570630 0.027828 0.054426
5 0.457109 0.346449 0.029354 0.040250
6 0.372758 0.417023 0.022891 0.029843
18 0.362294 0.483106 0.018328 0.039083
0 0.355195 0.274880 0.026057 0.034519
4 0.269023 0.322435 0.019641 0.025278
7 0.236917 0.529111 0.024792 0.035630
11 0.238898 0.379560 0.021557 0.029880
14 0.224635 0.451907 0.020927 0.034463
8 0.044062 0.688431 0.030625 0.044861
12 0.033813 0.514347 0.021583 0.035583
10 0.177589 0.371389 0.014719 0.027074
