17 0.841091 0.547653 0.039891 0.039583
16 0.845362 0.445282 0.038036 0.039583
15 0.853617 0.334449 0.038964 0.038472
20 0.663117 0.401301 0.027828 0.054417
5 0.340719 0.201875 0.029354 0.040250
6 0.256427 0.273009 0.022896 0.029833
18 0.238065 0.344713 0.018328 0.039074
0 0.237833 0.131130 0.026063 0.034519
4 0.149234 0.180481 0.019646 0.025278
7 0.118745 0.390944 0.024792 0.035630
11 0.119799 0.243792 0.021557 0.029880
14 0.108047 0.316671 0.020927 0.034472
1 0.862596 0.193315 0.027880 0.042815
10 0.055031 0.235949 0.020604 0.024750
