17 0.812552 0.557958 0.039885 0.039583
16 0.817268 0.450037 0.038036 0.039574
15 0.822852 0.349509 0.038964 0.038481
20 0.635026 0.416361 0.027833 0.054426
5 0.309505 0.220898 0.029354 0.040241
6 0.224768 0.292032 0.022891 0.029843
18 0.206849 0.365324 0.018323 0.039074
0 0.206620 0.150954 0.026063 0.034519
4 0.115792 0.202685 0.019646 0.025278
7 0.086193 0.416306 0.024792 0.035630
11 0.087247 0.265995 0.021557 0.029880
14 0.074602 0.337282 0.020922 0.034472
1 0.830940 0.207583 0.027880 0.042815
10 0.021609 0.257630 0.019677 0.024926
