17 0.801125 0.569690 0.039885 0.039583
16 0.806268 0.453366 0.038036 0.039583
15 0.810669 0.359644 0.038964 0.038472
20 0.615971 0.431690 0.027828 0.054417
5 0.282109 0.232926 0.029354 0.040241
6 0.195440 0.309051 0.022891 0.029843
18 0.177031 0.383745 0.018323 0.039083
0 0.170865 0.162269 0.026062 0.034519
4 0.075742 0.217806 0.019641 0.025278
7 0.048667 0.436213 0.024792 0.035630
11 0.049099 0.280884 0.021563 0.029880
14 0.037641 0.351694 0.020927 0.034463
1 0.812622 0.217514 0.027880 0.042806
