17 0.833307 0.550463 0.039885 0.039574
16 0.837701 0.446579 0.038036 0.039583
15 0.845227 0.338556 0.038964 0.038481
20 0.655456 0.405407 0.027828 0.054426
5 0.332208 0.207065 0.029354 0.040241
6 0.247794 0.278199 0.022891 0.029843
18 0.229552 0.350338 0.018323 0.039083
0 0.229320 0.136537 0.026057 0.034519
4 0.140112 0.186537 0.019641 0.025278
7 0.109870 0.397861 0.024792 0.035630
11 0.110922 0.249847 0.021562 0.029880
14 0.098924 0.322296 0.020922 0.034463
1 0.853966 0.197204 0.027880 0.042815
10 0.045977 0.242037 0.020609 0.024741
