17 0.800432 0.570782 0.039885 0.039583
16 0.805615 0.453639 0.038031 0.039574
15 0.809940 0.360463 0.038964 0.038481
20 0.614422 0.433088 0.027833 0.054417
5 0.279698 0.233880 0.029354 0.040241
6 0.192823 0.310556 0.022896 0.029833
18 0.174349 0.385380 0.018323 0.039074
0 0.167523 0.163120 0.026057 0.034519
4 0.071969 0.219042 0.019646 0.025269
7 0.045156 0.437912 0.024792 0.035620
11 0.045518 0.282088 0.021557 0.029880
14 0.034211 0.352880 0.020922 0.034463
1 0.811227 0.218329 0.027880 0.042806
