17 0.830714 0.551398 0.039885 0.039574
16 0.835146 0.447009 0.038031 0.039574
15 0.842430 0.339926 0.038964 0.038481
20 0.652904 0.406778 0.027828 0.054426
5 0.329370 0.208792 0.029354 0.040250
6 0.244914 0.279931 0.022891 0.029843
18 0.226714 0.352208 0.018323 0.039083
0 0.226482 0.138343 0.026057 0.034519
4 0.137073 0.188556 0.019646 0.025278
7 0.106906 0.400167 0.024792 0.035630
11 0.107961 0.251866 0.021557 0.029880
14 0.095885 0.324167 0.020927 0.034463
1 0.851086 0.198500 0.027880 0.042815
10 0.042961 0.244065 0.020609 0.024741
