17 0.793846 0.581190 0.039891 0.039583
16 0.799396 0.456241 0.038031 0.039574
15 0.802987 0.368269 0.038964 0.038481
20 0.610820 0.431551 0.027828 0.054417
5 0.276229 0.240454 0.029354 0.040241
6 0.189164 0.313157 0.022891 0.029833
18 0.169776 0.389431 0.018323 0.039083
0 0.165531 0.164111 0.026062 0.034519
4 0.074547 0.218194 0.019646 0.025278
7 0.044771 0.442611 0.024792 0.035630
11 0.042865 0.284968 0.021562 0.029880
14 0.033789 0.359843 0.020922 0.034463
1 0.809086 0.223602 0.027880 0.042815
