17 0.807016 0.560380 0.039885 0.039574
16 0.811833 0.451037 0.038031 0.039574
15 0.816888 0.352662 0.038964 0.038472
20 0.629143 0.419801 0.027828 0.054417
5 0.302625 0.224833 0.029354 0.040241
6 0.217701 0.296245 0.022891 0.029843
18 0.199833 0.369889 0.018323 0.039074
0 0.199273 0.154981 0.026057 0.034519
4 0.107823 0.207333 0.019646 0.025278
7 0.078521 0.421769 0.024792 0.035630
11 0.079539 0.270634 0.021557 0.029880
14 0.066805 0.341620 0.020922 0.034463
1 0.824484 0.210583 0.027885 0.042815
10 0.011883 0.261810 0.016891 0.025491
