17 0.884378 0.639296 0.039891 0.039574
16 0.891185 0.515245 0.038036 0.039583
15 0.896341 0.424218 0.038964 0.038472
20 0.702513 0.488750 0.027828 0.054426
5 0.371161 0.280866 0.029354 0.040250
6 0.285669 0.352477 0.022891 0.029843
18 0.270813 0.417505 0.018323 0.039083
0 0.266495 0.205824 0.026063 0.034519
4 0.177599 0.254602 0.019646 0.025278
7 0.145693 0.471315 0.024792 0.035630
11 0.146706 0.319995 0.021557 0.029880
14 0.133706 0.390343 0.020922 0.034463
1 0.905607 0.276375 0.027880 0.042806
10 0.084258 0.309620 0.014651 0.027074
