17 0.803898 0.588583 0.039891 0.039574
16 0.811391 0.463227 0.038031 0.039583
15 0.813404 0.375528 0.038964 0.038481
20 0.622216 0.439639 0.027828 0.054426
5 0.287656 0.244898 0.029354 0.040241
6 0.200138 0.318088 0.022891 0.029843
18 0.182690 0.394403 0.018328 0.039083
0 0.178221 0.170306 0.026057 0.034519
4 0.087260 0.222657 0.019646 0.025278
7 0.057552 0.446250 0.024792 0.035630
11 0.055141 0.289884 0.021562 0.029880
14 0.046570 0.362255 0.020922 0.034472
1 0.820560 0.230032 0.027880 0.042806
