17 0.871216 0.630454 0.039891 0.039574
16 0.878187 0.506685 0.038031 0.039574
15 0.883341 0.416231 0.038964 0.038481
20 0.689352 0.481333 0.027828 0.054426
5 0.357682 0.274593 0.029354 0.040241
6 0.271544 0.346486 0.022891 0.029843
18 0.256690 0.412940 0.018328 0.039083
0 0.252049 0.199269 0.026057 0.034519
4 0.162354 0.248898 0.019646 0.025278
7 0.130927 0.466176 0.024792 0.035630
11 0.131461 0.315144 0.021557 0.029880
14 0.119742 0.384352 0.020922 0.034463
1 0.892607 0.267245 0.027880 0.042806
10 0.067930 0.304667 0.014391 0.027074
