17 0.908852 0.657861 0.039891 0.039574
16 0.915461 0.534954 0.038036 0.039574
15 0.920404 0.443593 0.038964 0.038481
20 0.726352 0.505907 0.027828 0.054426
5 0.397307 0.296597 0.029354 0.040250
6 0.313034 0.365602 0.022891 0.029833
18 0.298602 0.430718 0.018328 0.039083
0 0.294263 0.221917 0.026057 0.034519
4 0.207427 0.269241 0.019646 0.025278
7 0.174922 0.482231 0.024792 0.035630
11 0.176112 0.333190 0.021557 0.029880
14 0.162562 0.402338 0.020927 0.034472
1 0.929456 0.296421 0.027880 0.042806
10 0.110625 0.322213 0.014719 0.027074
