17 0.904039 0.653356 0.039891 0.039583
16 0.910646 0.529551 0.038031 0.039583
15 0.915716 0.437958 0.038964 0.038472
20 0.721919 0.501176 0.027828 0.054426
5 0.391729 0.291866 0.029354 0.040250
6 0.307206 0.362222 0.022891 0.029833
18 0.292521 0.426213 0.018323 0.039074
0 0.288435 0.217185 0.026057 0.034519
4 0.200966 0.264741 0.019641 0.025278
7 0.168458 0.479532 0.024792 0.035620
11 0.169904 0.328912 0.021557 0.029880
14 0.155719 0.399634 0.020927 0.034472
1 0.924896 0.291241 0.027885 0.042815
10 0.103198 0.318426 0.014719 0.027074
