17 0.851469 0.543903 0.039885 0.039583
16 0.855578 0.443551 0.038031 0.039583
15 0.864805 0.328972 0.038964 0.038481
20 0.673333 0.395824 0.027833 0.054426
5 0.352073 0.194954 0.029354 0.040241
6 0.267940 0.266088 0.022891 0.029843
18 0.249414 0.337218 0.018328 0.039083
0 0.249185 0.123926 0.026057 0.034519
4 0.161396 0.172417 0.019646 0.025278
7 0.130583 0.381713 0.024792 0.035630
11 0.131635 0.235727 0.021563 0.029880
14 0.120208 0.309176 0.020927 0.034463
1 0.874112 0.188125 0.027880 0.042806
10 0.067102 0.227833 0.020609 0.024741
