17 0.798698 0.585162 0.039885 0.039583
16 0.805229 0.459801 0.038031 0.039583
15 0.808013 0.372102 0.038964 0.038481
20 0.616440 0.435532 0.027828 0.054417
5 0.281880 0.242843 0.029354 0.040241
6 0.194555 0.315690 0.022891 0.029843
18 0.176143 0.392005 0.018328 0.039083
0 0.171867 0.167222 0.026057 0.034519
4 0.081047 0.220361 0.019646 0.025278
7 0.051198 0.444537 0.024792 0.035630
11 0.048979 0.287486 0.021562 0.029880
14 0.040216 0.361227 0.020922 0.034472
1 0.814784 0.226949 0.027880 0.042806
