17 0.820336 0.555148 0.039891 0.039574
16 0.824930 0.448741 0.038036 0.039574
15 0.831242 0.345403 0.038964 0.038472
20 0.642687 0.412255 0.027833 0.054417
5 0.318021 0.215713 0.029354 0.040241
6 0.233401 0.286847 0.022896 0.029843
18 0.215362 0.359704 0.018328 0.039074
0 0.215133 0.145546 0.026057 0.034519
4 0.124911 0.196630 0.019646 0.025278
7 0.095073 0.409389 0.024792 0.035630
11 0.096125 0.259940 0.021562 0.029880
14 0.083724 0.331662 0.020927 0.034472
1 0.839573 0.203690 0.027885 0.042806
10 0.030888 0.252181 0.020609 0.024750
