17 0.838318 0.608343 0.039885 0.039574
16 0.845688 0.485287 0.038031 0.039574
15 0.850841 0.396259 0.038964 0.038481
20 0.656451 0.462787 0.027828 0.054426
5 0.323979 0.258898 0.029354 0.040241
6 0.236237 0.331514 0.022891 0.029843
18 0.221380 0.401523 0.018323 0.039083
0 0.215940 0.182861 0.026057 0.034519
4 0.124237 0.234630 0.019641 0.025278
7 0.094016 0.453333 0.024792 0.035630
11 0.093344 0.303023 0.021562 0.029880
14 0.084836 0.369370 0.020922 0.034463
1 0.860107 0.244421 0.027880 0.042806
10 0.027115 0.292287 0.013740 0.027074
