17 0.798352 0.574069 0.039891 0.039583
16 0.803651 0.454463 0.038031 0.039574
15 0.807742 0.362931 0.038964 0.038472
20 0.612862 0.433167 0.027828 0.054426
5 0.277865 0.236046 0.029354 0.040241
6 0.191669 0.311375 0.022891 0.029843
18 0.172109 0.387093 0.018323 0.039074
0 0.165763 0.163704 0.026057 0.034519
4 0.070854 0.219917 0.019646 0.025278
7 0.043781 0.439833 0.024792 0.035630
11 0.043487 0.283319 0.021557 0.029880
14 0.032854 0.355241 0.020927 0.034463
1 0.810128 0.220088 0.027880 0.042806
