17 0.825523 0.553273 0.039891 0.039583
16 0.830039 0.447875 0.038036 0.039583
15 0.836836 0.342662 0.038964 0.038472
20 0.647794 0.409514 0.027828 0.054417
5 0.323693 0.212250 0.029354 0.040241
6 0.239159 0.283384 0.022891 0.029843
18 0.221039 0.355958 0.018328 0.039083
0 0.220807 0.141944 0.026063 0.034519
4 0.130990 0.192593 0.019646 0.025278
7 0.100990 0.404778 0.024792 0.035630
11 0.102044 0.255903 0.021557 0.029880
14 0.089805 0.327917 0.020922 0.034463
1 0.845331 0.201097 0.027880 0.042806
10 0.036924 0.248120 0.020609 0.024741
