17 0.803203 0.566403 0.039885 0.039583
16 0.808234 0.452546 0.038031 0.039574
15 0.812867 0.357181 0.038964 0.038472
20 0.620622 0.427491 0.027828 0.054426
5 0.289349 0.230069 0.029354 0.040250
6 0.203299 0.304532 0.022891 0.029843
18 0.185078 0.378856 0.018323 0.039083
0 0.180891 0.159694 0.026062 0.034519
4 0.087063 0.214111 0.019646 0.025278
7 0.059203 0.431116 0.024792 0.035620
11 0.059841 0.277264 0.021557 0.029880
14 0.047935 0.348139 0.020922 0.034463
1 0.816810 0.215069 0.027880 0.042806
