17 0.905643 0.654856 0.039891 0.039583
16 0.912250 0.531352 0.038031 0.039574
15 0.917279 0.439838 0.038964 0.038472
20 0.723396 0.502755 0.027833 0.054417
5 0.393589 0.293444 0.029354 0.040241
6 0.309148 0.363347 0.022891 0.029843
18 0.294547 0.427718 0.018323 0.039083
0 0.290378 0.218759 0.026057 0.034519
4 0.203120 0.266241 0.019646 0.025278
7 0.170609 0.480435 0.024792 0.035630
11 0.171971 0.330338 0.021557 0.029880
14 0.158000 0.400537 0.020927 0.034463
1 0.926417 0.292968 0.027885 0.042806
10 0.105672 0.319685 0.014719 0.027074
