17 0.910458 0.659361 0.039885 0.039574
16 0.917065 0.536755 0.038036 0.039583
15 0.921966 0.445468 0.038964 0.038472
20 0.727831 0.507481 0.027828 0.054426
5 0.399164 0.298176 0.029349 0.040241
6 0.314977 0.366727 0.022891 0.029843
18 0.300630 0.432218 0.018323 0.039083
0 0.296206 0.223491 0.026057 0.034519
4 0.209583 0.270741 0.019646 0.025278
7 0.177073 0.483139 0.024792 0.035630
11 0.178180 0.334616 0.021557 0.029880
14 0.164844 0.403241 0.020927 0.034463
1 0.930977 0.298148 0.027880 0.042815
10 0.113102 0.323472 0.014714 0.027074
