17 0.835026 0.606130 0.039885 0.039574
16 0.842438 0.483148 0.038031 0.039574
15 0.847591 0.394259 0.038964 0.038481
20 0.653161 0.460935 0.027833 0.054426
5 0.320609 0.257329 0.029354 0.040250
6 0.232706 0.330014 0.022891 0.029843
18 0.217849 0.400384 0.018323 0.039083
0 0.212331 0.181222 0.026057 0.034519
4 0.120427 0.233204 0.019646 0.025278
7 0.090323 0.452056 0.024792 0.035630
11 0.089531 0.301810 0.021563 0.029880
14 0.081346 0.367875 0.020922 0.034472
1 0.856857 0.242139 0.027880 0.042815
10 0.023034 0.291046 0.013672 0.027074
