17 0.900828 0.650352 0.039885 0.039574
16 0.907435 0.525944 0.038036 0.039574
15 0.912591 0.434208 0.038964 0.038472
20 0.718961 0.498023 0.027828 0.054417
5 0.388016 0.288713 0.029354 0.040241
6 0.303320 0.359968 0.022891 0.029843
18 0.288466 0.423208 0.018328 0.039083
0 0.284549 0.214028 0.026057 0.034519
4 0.196656 0.261731 0.019646 0.025278
7 0.164151 0.477731 0.024792 0.035630
11 0.165763 0.326060 0.021557 0.029880
14 0.151159 0.397833 0.020922 0.034463
1 0.921857 0.287787 0.027880 0.042815
10 0.098245 0.315907 0.014719 0.027074
