17 0.890958 0.643718 0.039885 0.039583
16 0.897685 0.519523 0.038036 0.039583
15 0.902841 0.428213 0.038964 0.038481
20 0.709091 0.492458 0.027828 0.054417
5 0.377904 0.284005 0.029349 0.040250
6 0.292732 0.355477 0.022891 0.029843
18 0.277875 0.419787 0.018323 0.039074
0 0.273716 0.209111 0.026057 0.034519
4 0.185224 0.257454 0.019646 0.025278
7 0.153078 0.473880 0.024792 0.035630
11 0.154331 0.322421 0.021557 0.029880
14 0.140687 0.393338 0.020927 0.034472
1 0.912107 0.280940 0.027880 0.042806
10 0.090818 0.312120 0.014719 0.027074
