17 0.798698 0.573523 0.039885 0.039583
16 0.803977 0.454324 0.038036 0.039574
15 0.808107 0.362519 0.038964 0.038481
20 0.613018 0.433287 0.027828 0.054426
5 0.277990 0.235708 0.029354 0.040250
6 0.191862 0.311241 0.022891 0.029833
18 0.172289 0.386912 0.018328 0.039083
0 0.165779 0.163676 0.026057 0.034519
4 0.070573 0.220046 0.019646 0.025278
7 0.043703 0.439620 0.024792 0.035630
11 0.043534 0.283199 0.021557 0.029880
14 0.032784 0.354889 0.020922 0.034463
1 0.810208 0.219815 0.027885 0.042815
