17 0.796620 0.576810 0.039885 0.039583
16 0.802013 0.455144 0.038036 0.039583
15 0.805914 0.364981 0.038964 0.038481
20 0.612076 0.432542 0.027828 0.054417
5 0.277234 0.237741 0.029354 0.040241
6 0.190706 0.312060 0.022891 0.029843
18 0.171211 0.387995 0.018328 0.039083
0 0.165674 0.163861 0.026057 0.034519
4 0.072276 0.219255 0.019646 0.025269
7 0.044161 0.440898 0.024792 0.035630
11 0.043247 0.283954 0.021557 0.029870
14 0.033214 0.357009 0.020927 0.034463
1 0.809727 0.221440 0.027880 0.042806
