17 0.801818 0.568593 0.039885 0.039574
16 0.806924 0.453093 0.038036 0.039574
15 0.811404 0.358819 0.038964 0.038472
20 0.617521 0.430292 0.027833 0.054417
5 0.284526 0.231972 0.029354 0.040241
6 0.198060 0.307542 0.022891 0.029843
18 0.179714 0.382116 0.018323 0.039083
0 0.174206 0.161407 0.026057 0.034519
4 0.079516 0.216574 0.019646 0.025278
7 0.052177 0.434514 0.024792 0.035620
11 0.052680 0.279671 0.021557 0.029880
14 0.041073 0.350509 0.020927 0.034463
1 0.814018 0.216699 0.027880 0.042806
