17 0.802859 0.566949 0.039885 0.039583
16 0.807906 0.452681 0.038031 0.039583
15 0.812497 0.357588 0.038964 0.038472
20 0.619846 0.428194 0.027828 0.054426
5 0.288146 0.230546 0.029354 0.040241
6 0.201987 0.305282 0.022891 0.029843
18 0.183737 0.379671 0.018328 0.039083
0 0.179221 0.160120 0.026057 0.034519
4 0.085177 0.214731 0.019646 0.025278
7 0.057448 0.431963 0.024792 0.035630
11 0.058049 0.277866 0.021557 0.029880
14 0.046219 0.348731 0.020927 0.034463
1 0.816112 0.215477 0.027880 0.042806
