17 0.805284 0.563116 0.039891 0.039583
16 0.810198 0.451722 0.038031 0.039574
15 0.815060 0.354713 0.038964 0.038481
20 0.625268 0.423296 0.027828 0.054426
5 0.296591 0.227213 0.029349 0.040241
6 0.211154 0.300014 0.022891 0.029843
18 0.193128 0.373968 0.018328 0.039083
0 0.190917 0.157130 0.026062 0.034519
4 0.098385 0.210417 0.019646 0.025278
7 0.069740 0.426019 0.024792 0.035630
11 0.070586 0.273644 0.021557 0.029880
14 0.058229 0.344583 0.020927 0.034463
1 0.820997 0.212620 0.027880 0.042815
10 0.006120 0.267532 0.012240 0.026417
