17 0.803898 0.565306 0.039891 0.039574
16 0.808888 0.452273 0.038036 0.039583
15 0.813596 0.356356 0.038964 0.038472
20 0.622169 0.426093 0.027828 0.054426
5 0.291766 0.229120 0.029354 0.040241
6 0.205917 0.303023 0.022896 0.029843
18 0.187760 0.377227 0.018323 0.039083
0 0.184232 0.158843 0.026057 0.034519
4 0.090839 0.212880 0.019646 0.025278
7 0.062714 0.429417 0.024792 0.035630
11 0.063424 0.276060 0.021557 0.029880
14 0.051367 0.346954 0.020922 0.034463
1 0.818206 0.214255 0.027880 0.042806
