17 0.814297 0.595431 0.039885 0.039583
16 0.823714 0.470069 0.038031 0.039583
15 0.824190 0.382375 0.038964 0.038472
20 0.633768 0.447856 0.027828 0.054417
5 0.299208 0.249009 0.029354 0.040241
6 0.211310 0.322875 0.022891 0.029843
18 0.195784 0.399199 0.018328 0.039083
0 0.190930 0.176463 0.026057 0.034519
4 0.099698 0.227259 0.019646 0.025278
7 0.070260 0.449676 0.024792 0.035630
11 0.067464 0.294681 0.021562 0.029880
14 0.059279 0.364306 0.020922 0.034463
1 0.832115 0.236194 0.027885 0.042815
10 0.006706 0.286102 0.013411 0.027074
