17 0.806669 0.560926 0.039891 0.039574
16 0.811508 0.451176 0.038036 0.039574
15 0.816523 0.353069 0.038964 0.038472
20 0.628367 0.420500 0.027828 0.054426
5 0.301417 0.225310 0.029354 0.040250
6 0.216393 0.297000 0.022891 0.029833
18 0.198492 0.370704 0.018328 0.039074
0 0.197602 0.155412 0.026057 0.034509
4 0.105935 0.207954 0.019641 0.025278
7 0.076766 0.422620 0.024792 0.035630
11 0.077747 0.271236 0.021557 0.029880
14 0.065091 0.342213 0.020922 0.034463
1 0.823786 0.210991 0.027885 0.042815
10 0.010729 0.262954 0.015958 0.025667
