17 0.835901 0.549523 0.039885 0.039583
16 0.840253 0.446144 0.038036 0.039583
15 0.848023 0.337185 0.038964 0.038481
20 0.658010 0.404037 0.027833 0.054426
5 0.335047 0.205333 0.029354 0.040241
6 0.250669 0.276468 0.022891 0.029843
18 0.232388 0.348463 0.018328 0.039074
0 0.232159 0.134741 0.026057 0.034519
4 0.143151 0.184519 0.019646 0.025278
7 0.112828 0.395556 0.024792 0.035630
11 0.113880 0.247829 0.021563 0.029880
14 0.101964 0.320417 0.020927 0.034463
1 0.856841 0.195907 0.027880 0.042815
10 0.048997 0.240009 0.020609 0.024741
