17 0.807365 0.559829 0.039885 0.039583
16 0.812161 0.450903 0.038031 0.039583
15 0.817255 0.352250 0.038969 0.038481
20 0.629919 0.419102 0.027828 0.054426
5 0.303831 0.224361 0.029349 0.040241
6 0.219010 0.295495 0.022896 0.029843
18 0.201174 0.369074 0.018328 0.039074
0 0.200945 0.154556 0.026057 0.034519
4 0.109708 0.206722 0.019646 0.025278
7 0.080276 0.420917 0.024792 0.035630
11 0.081328 0.270032 0.021563 0.029880
14 0.068521 0.341028 0.020927 0.034463
1 0.825182 0.210176 0.027885 0.042815
10 0.015125 0.260417 0.017823 0.025296
