17 0.793500 0.581741 0.039885 0.039574
16 0.799068 0.456380 0.038031 0.039574
15 0.802622 0.368681 0.038964 0.038472
20 0.610664 0.431426 0.027828 0.054426
5 0.276104 0.240792 0.029354 0.040250
6 0.188971 0.313292 0.022891 0.029843
18 0.169596 0.389611 0.018328 0.039074
0 0.165513 0.164139 0.026057 0.034519
4 0.074828 0.218065 0.019646 0.025278
7 0.044844 0.442833 0.024792 0.035630
11 0.042818 0.285088 0.021562 0.029880
14 0.033862 0.360204 0.020922 0.034463
1 0.809008 0.223870 0.027880 0.042815
