17 0.799047 0.572977 0.039885 0.039583
16 0.804305 0.454190 0.038036 0.039583
15 0.808477 0.362106 0.038964 0.038472
20 0.613174 0.433412 0.027828 0.054417
5 0.278115 0.235370 0.029354 0.040241
6 0.192055 0.311106 0.022891 0.029843
18 0.172469 0.386736 0.018323 0.039083
0 0.165797 0.163639 0.026063 0.034519
4 0.070286 0.220185 0.019646 0.025278
7 0.043630 0.439407 0.024792 0.035630
11 0.043583 0.283069 0.021562 0.029880
14 0.032711 0.354537 0.020922 0.034463
1 0.810289 0.219546 0.027880 0.042815
