17 0.817740 0.556083 0.039885 0.039574
16 0.822378 0.449171 0.038036 0.039583
15 0.828445 0.346773 0.038964 0.038472
20 0.640133 0.413625 0.027828 0.054417
5 0.315182 0.217440 0.029354 0.040250
6 0.230523 0.288579 0.022891 0.029843
18 0.212526 0.361579 0.018323 0.039083
0 0.212294 0.147352 0.026057 0.034519
4 0.121870 0.198648 0.019646 0.025278
7 0.092115 0.411694 0.024792 0.035630
11 0.093164 0.261958 0.021557 0.029880
14 0.080682 0.333537 0.020927 0.034463
1 0.836695 0.204986 0.027880 0.042806
10 0.027870 0.254213 0.020604 0.024741
