17 0.805977 0.562023 0.039891 0.039583
16 0.810852 0.451449 0.038036 0.039583
15 0.815792 0.353894 0.038969 0.038472
20 0.626820 0.421898 0.027828 0.054426
5 0.299005 0.226264 0.029354 0.040250
6 0.213773 0.298505 0.022891 0.029843
18 0.195810 0.372333 0.018328 0.039074
0 0.194260 0.156269 0.026063 0.034519
4 0.102161 0.209185 0.019646 0.025278
7 0.073250 0.424315 0.024792 0.035630
11 0.074167 0.272440 0.021562 0.029880
14 0.061659 0.343398 0.020922 0.034463
1 0.822391 0.211806 0.027885 0.042815
10 0.008424 0.265245 0.014099 0.026046
