17 0.799391 0.572426 0.039885 0.039574
16 0.804633 0.454051 0.038036 0.039583
15 0.808841 0.361699 0.038964 0.038472
20 0.613333 0.433537 0.027833 0.054426
5 0.278240 0.235032 0.029354 0.040250
6 0.192245 0.310968 0.022896 0.029843
18 0.172648 0.386551 0.018328 0.039083
0 0.165815 0.163611 0.026057 0.034519
4 0.070005 0.220315 0.019646 0.025278
7 0.043552 0.439190 0.024792 0.035620
11 0.043630 0.282940 0.021562 0.029880
14 0.032641 0.354181 0.020927 0.034472
1 0.810367 0.219278 0.027880 0.042815
