17 0.806323 0.561472 0.039885 0.039574
16 0.811180 0.451310 0.038036 0.039583
15 0.816159 0.353481 0.038964 0.038481
20 0.627594 0.421199 0.027833 0.054417
5 0.300211 0.225787 0.029349 0.040241
6 0.215081 0.297755 0.022891 0.029843
18 0.197151 0.371519 0.018323 0.039074
0 0.195930 0.155843 0.026057 0.034519
4 0.104047 0.208565 0.019646 0.025278
7 0.075005 0.423472 0.024792 0.035630
11 0.075956 0.271838 0.021557 0.029880
14 0.063375 0.342806 0.020927 0.034463
1 0.823089 0.211398 0.027885 0.042815
10 0.009578 0.264097 0.015031 0.025861
