17 0.844896 0.612764 0.039885 0.039583
16 0.852187 0.489569 0.038031 0.039583
15 0.857341 0.400255 0.038964 0.038472
20 0.663031 0.466495 0.027833 0.054417
5 0.330719 0.262037 0.029354 0.040241
6 0.243299 0.334505 0.022891 0.029843
18 0.228443 0.403810 0.018323 0.039083
0 0.223161 0.186139 0.026063 0.034519
4 0.131859 0.237481 0.019646 0.025278
7 0.101396 0.455907 0.024792 0.035630
11 0.100966 0.305449 0.021557 0.029880
14 0.091818 0.372370 0.020927 0.034463
1 0.866607 0.248986 0.027880 0.042806
10 0.035279 0.294769 0.013870 0.027074
