17 0.794193 0.580644 0.039885 0.039583
16 0.799721 0.456106 0.038036 0.039583
15 0.803352 0.367856 0.038964 0.038472
20 0.610977 0.431671 0.027828 0.054417
5 0.276354 0.240111 0.029354 0.040241
6 0.189357 0.313023 0.022891 0.029843
18 0.169956 0.389255 0.018328 0.039083
0 0.165549 0.164074 0.026057 0.034519
4 0.074260 0.218329 0.019646 0.025269
7 0.044693 0.442398 0.024792 0.035630
11 0.042914 0.284838 0.021557 0.029880
14 0.033719 0.359491 0.020927 0.034463
1 0.809169 0.223329 0.027880 0.042806
