17 0.797313 0.575713 0.039885 0.039574
16 0.802669 0.454875 0.038036 0.039583
15 0.806643 0.364162 0.038964 0.038472
20 0.612391 0.432792 0.027833 0.054417
5 0.277484 0.237065 0.029354 0.040241
6 0.191091 0.311792 0.022891 0.029843
18 0.171570 0.387634 0.018328 0.039083
0 0.165708 0.163796 0.026063 0.034519
4 0.071708 0.219519 0.019646 0.025278
7 0.044010 0.440472 0.024792 0.035630
11 0.043344 0.283699 0.021562 0.029880
14 0.033070 0.356306 0.020922 0.034463
1 0.809888 0.220898 0.027880 0.042815
