17 0.894247 0.645931 0.039891 0.039583
16 0.900935 0.521667 0.038036 0.039574
15 0.906091 0.430213 0.038964 0.038481
20 0.712383 0.494315 0.027828 0.054426
5 0.381273 0.285574 0.029349 0.040241
6 0.296260 0.356977 0.022896 0.029843
18 0.281404 0.420931 0.018328 0.039083
0 0.277328 0.210750 0.026063 0.034519
4 0.189036 0.258880 0.019646 0.025278
7 0.156766 0.475167 0.024792 0.035630
11 0.158141 0.323634 0.021562 0.029880
14 0.144177 0.394833 0.020927 0.034463
1 0.915357 0.283222 0.027880 0.042815
10 0.093292 0.313380 0.014719 0.027074
