17 0.802510 0.567500 0.039885 0.039574
16 0.807578 0.452819 0.038031 0.039583
15 0.812133 0.358000 0.038964 0.038481
20 0.619070 0.428889 0.027828 0.054426
5 0.286938 0.231023 0.029354 0.040250
6 0.200680 0.306037 0.022891 0.029833
18 0.182396 0.380486 0.018323 0.039083
0 0.177549 0.160556 0.026057 0.034519
4 0.083292 0.215343 0.019646 0.025278
7 0.055693 0.432815 0.024792 0.035630
11 0.056260 0.278468 0.021563 0.029880
14 0.044505 0.349324 0.020927 0.034463
1 0.815414 0.215884 0.027880 0.042806
