17 0.838497 0.548588 0.039891 0.039583
16 0.842807 0.445713 0.038031 0.039574
15 0.850820 0.335815 0.038964 0.038481
20 0.660565 0.402671 0.027828 0.054417
5 0.337883 0.203602 0.029349 0.040241
6 0.253549 0.274736 0.022891 0.029843
18 0.235227 0.346588 0.018328 0.039083
0 0.234997 0.132935 0.026057 0.034519
4 0.146193 0.182500 0.019646 0.025278
7 0.115786 0.393250 0.024792 0.035630
11 0.116841 0.245810 0.021557 0.029880
14 0.105005 0.318546 0.020927 0.034463
1 0.859721 0.194611 0.027880 0.042815
10 0.052013 0.237977 0.020609 0.024750
