17 0.805630 0.562569 0.039885 0.039583
16 0.810526 0.451588 0.038031 0.039583
15 0.815424 0.354301 0.038964 0.038472
20 0.626044 0.422597 0.027828 0.054417
5 0.297797 0.226741 0.029354 0.040241
6 0.212464 0.299259 0.022896 0.029833
18 0.194469 0.373148 0.018323 0.039074
0 0.192589 0.156694 0.026063 0.034519
4 0.100273 0.209796 0.019641 0.025278
7 0.071495 0.425167 0.024792 0.035630
11 0.072375 0.273042 0.021562 0.029880
14 0.059943 0.343991 0.020927 0.034463
1 0.821695 0.212213 0.027880 0.042815
10 0.007273 0.266384 0.013172 0.026231
