17 0.858057 0.621606 0.039885 0.039583
16 0.865187 0.498125 0.038031 0.039583
15 0.870341 0.408241 0.038964 0.038481
20 0.676190 0.473917 0.027828 0.054426
5 0.344201 0.268315 0.029349 0.040241
6 0.257422 0.340495 0.022896 0.029843
18 0.242565 0.408375 0.018328 0.039083
0 0.237607 0.192704 0.026057 0.034519
4 0.147109 0.243185 0.019646 0.025278
7 0.116161 0.461037 0.024792 0.035630
11 0.116214 0.310301 0.021563 0.029880
14 0.105781 0.378361 0.020927 0.034463
1 0.879607 0.258116 0.027880 0.042806
10 0.051604 0.299713 0.014135 0.027074
