17 0.802164 0.568046 0.039891 0.039574
16 0.807253 0.452954 0.038036 0.039574
15 0.811768 0.358412 0.038964 0.038472
20 0.618294 0.429593 0.027828 0.054426
5 0.285729 0.231500 0.029354 0.040241
6 0.199370 0.306792 0.022896 0.029843
18 0.181055 0.381301 0.018328 0.039083
0 0.175878 0.160981 0.026057 0.034519
4 0.081401 0.215963 0.019646 0.025278
7 0.053937 0.433667 0.024792 0.035630
11 0.054471 0.279069 0.021557 0.029880
14 0.042789 0.349917 0.020922 0.034463
1 0.814716 0.216292 0.027880 0.042806
