17 0.848187 0.614972 0.039885 0.039574
16 0.855438 0.491708 0.038031 0.039583
15 0.860591 0.402250 0.038964 0.038481
20 0.666320 0.468352 0.027828 0.054426
5 0.334089 0.263606 0.029354 0.040250
6 0.246831 0.336005 0.022891 0.029843
18 0.231974 0.404949 0.018323 0.039083
0 0.226773 0.187778 0.026057 0.034519
4 0.135672 0.238907 0.019646 0.025278
7 0.105089 0.457185 0.024792 0.035630
11 0.104779 0.306662 0.021557 0.029880
14 0.095307 0.373866 0.020927 0.034472
1 0.869857 0.251269 0.027880 0.042815
10 0.039359 0.296000 0.013938 0.027074
