17 0.795234 0.579000 0.039885 0.039574
16 0.800706 0.455694 0.038036 0.039574
15 0.804451 0.366625 0.038964 0.038472
20 0.611448 0.432046 0.027833 0.054426
5 0.276732 0.239097 0.029349 0.040250
6 0.189935 0.312606 0.022891 0.029843
18 0.170492 0.388713 0.018328 0.039074
0 0.165602 0.163981 0.026057 0.034519
4 0.073411 0.218722 0.019646 0.025278
7 0.044464 0.441759 0.024792 0.035630
11 0.043057 0.284458 0.021563 0.029880
14 0.033503 0.358426 0.020922 0.034463
1 0.809409 0.222519 0.027880 0.042815
