17 0.797659 0.575167 0.039891 0.039574
16 0.802995 0.454736 0.038031 0.039583
15 0.807013 0.363750 0.038964 0.038481
20 0.612549 0.432917 0.027828 0.054426
5 0.277609 0.236727 0.029354 0.040250
6 0.191284 0.311653 0.022891 0.029843
18 0.171750 0.387454 0.018323 0.039074
0 0.165727 0.163769 0.026057 0.034519
4 0.071422 0.219648 0.019646 0.025278
7 0.043932 0.440259 0.024792 0.035630
11 0.043393 0.283579 0.021557 0.029880
14 0.033000 0.355954 0.020927 0.034463
1 0.809966 0.220630 0.027880 0.042815
