17 0.800086 0.571333 0.039891 0.039574
16 0.805286 0.453778 0.038031 0.039574
15 0.809570 0.360875 0.038964 0.038472
20 0.613648 0.433787 0.027828 0.054426
5 0.278490 0.234352 0.029354 0.040241
6 0.192630 0.310690 0.022896 0.029843
18 0.173008 0.386194 0.018328 0.039074
0 0.165852 0.163546 0.026057 0.034519
4 0.069437 0.220574 0.019646 0.025278
7 0.043401 0.438759 0.024792 0.035630
11 0.043727 0.282690 0.021557 0.029880
14 0.032495 0.353472 0.020927 0.034463
1 0.810529 0.218736 0.027880 0.042806
