17 0.867927 0.628241 0.039885 0.039574
16 0.874938 0.504546 0.038031 0.039574
15 0.880091 0.414231 0.038964 0.038481
20 0.686060 0.479477 0.027828 0.054417
5 0.354312 0.273019 0.029354 0.040241
6 0.268013 0.344991 0.022891 0.029833
18 0.253159 0.411796 0.018328 0.039074
0 0.248440 0.197625 0.026057 0.034509
4 0.158542 0.247468 0.019646 0.025269
7 0.127234 0.464889 0.024792 0.035630
11 0.127648 0.313931 0.021557 0.029880
14 0.116253 0.382852 0.020922 0.034463
1 0.889357 0.264963 0.027880 0.042815
10 0.063849 0.303435 0.014323 0.027074
