17 0.897539 0.648144 0.039891 0.039583
16 0.904185 0.523806 0.038036 0.039574
15 0.909341 0.432208 0.038964 0.038472
20 0.715669 0.496167 0.027828 0.054426
5 0.384646 0.287144 0.029354 0.040250
6 0.299792 0.358472 0.022896 0.029833
18 0.284935 0.422069 0.018328 0.039083
0 0.280940 0.212389 0.026057 0.034519
4 0.192849 0.260306 0.019646 0.025278
7 0.160458 0.476444 0.024792 0.035630
11 0.161953 0.324847 0.021562 0.029880
14 0.147667 0.396333 0.020927 0.034463
1 0.918607 0.285505 0.027880 0.042806
10 0.095766 0.314648 0.014719 0.027074
