17 0.796966 0.576264 0.039891 0.039583
16 0.802341 0.455009 0.038036 0.039574
15 0.806279 0.364574 0.038964 0.038481
20 0.612232 0.432667 0.027828 0.054426
5 0.277359 0.237403 0.029354 0.040250
6 0.190898 0.311921 0.022891 0.029843
18 0.171391 0.387810 0.018323 0.039083
0 0.165690 0.163833 0.026057 0.034519
4 0.071990 0.219389 0.019646 0.025278
7 0.044083 0.440685 0.024792 0.035630
11 0.043294 0.283829 0.021557 0.029880
14 0.033143 0.356657 0.020922 0.034463
1 0.809810 0.221167 0.027880 0.042815
