17 0.912062 0.660866 0.039885 0.039583
16 0.918669 0.538560 0.038036 0.039583
15 0.923529 0.447347 0.038964 0.038472
20 0.729310 0.509060 0.027828 0.054417
5 0.401021 0.299750 0.029354 0.040241
6 0.316919 0.367856 0.022891 0.029843
18 0.302656 0.433722 0.018323 0.039074
0 0.298148 0.225065 0.026057 0.034519
4 0.211734 0.272245 0.019646 0.025269
7 0.179229 0.484037 0.024792 0.035630
11 0.180250 0.336042 0.021562 0.029880
14 0.167122 0.404139 0.020922 0.034463
1 0.932497 0.299875 0.027880 0.042806
10 0.115578 0.324731 0.014719 0.027074
