17 0.843685 0.546713 0.039891 0.039574
16 0.847917 0.444847 0.038031 0.039583
15 0.856414 0.333079 0.038964 0.038472
20 0.665672 0.399931 0.027833 0.054417
5 0.343557 0.200144 0.029354 0.040250
6 0.259305 0.271282 0.022891 0.029843
18 0.240901 0.342838 0.018323 0.039083
0 0.240672 0.129333 0.026063 0.034519
4 0.152273 0.178463 0.019641 0.025278
7 0.121703 0.388634 0.024792 0.035620
11 0.122758 0.241782 0.021557 0.029880
14 0.111086 0.314796 0.020922 0.034463
1 0.865477 0.192014 0.027880 0.042806
10 0.058049 0.233917 0.020609 0.024741
