17 0.795927 0.577903 0.039885 0.039583
16 0.801359 0.455421 0.038031 0.039583
15 0.805180 0.365806 0.038964 0.038481
20 0.611763 0.432296 0.027828 0.054426
5 0.276984 0.238421 0.029354 0.040250
6 0.190320 0.312338 0.022891 0.029843
18 0.170852 0.388352 0.018328 0.039074
0 0.165638 0.163926 0.026057 0.034519
4 0.072844 0.218991 0.019646 0.025278
7 0.044312 0.441333 0.024792 0.035630
11 0.043154 0.284208 0.021557 0.029880
14 0.033359 0.357722 0.020927 0.034463
1 0.809570 0.221977 0.027880 0.042806
