17 0.864638 0.626028 0.039891 0.039574
16 0.871688 0.502407 0.038031 0.039574
15 0.876841 0.412236 0.038964 0.038472
20 0.682771 0.477625 0.027833 0.054417
5 0.350943 0.271454 0.029354 0.040241
6 0.264482 0.343495 0.022891 0.029843
18 0.249628 0.410657 0.018328 0.039074
0 0.244828 0.195981 0.026062 0.034519
4 0.154729 0.246037 0.019646 0.025278
7 0.123547 0.463611 0.024792 0.035630
11 0.123836 0.312718 0.021557 0.029880
14 0.112760 0.381352 0.020927 0.034463
1 0.886107 0.262681 0.027880 0.042806
10 0.059768 0.302194 0.014266 0.027074
