17 0.854062 0.542968 0.039885 0.039583
16 0.858130 0.443116 0.038031 0.039583
15 0.867602 0.327602 0.038964 0.038481
20 0.675888 0.394454 0.027828 0.054426
5 0.354909 0.193227 0.029349 0.040250
6 0.270818 0.264361 0.022896 0.029833
18 0.252253 0.335347 0.018328 0.039083
0 0.252023 0.122125 0.026057 0.034509
4 0.164432 0.170398 0.019646 0.025278
7 0.133542 0.379407 0.024792 0.035630
11 0.134596 0.233708 0.021557 0.029880
14 0.123247 0.307306 0.020922 0.034463
1 0.876990 0.186824 0.027885 0.042815
10 0.070122 0.225801 0.020609 0.024750
