17 0.803552 0.565856 0.039885 0.039583
16 0.808560 0.452407 0.038036 0.039574
15 0.813232 0.356769 0.038964 0.038481
20 0.621393 0.426792 0.027828 0.054417
5 0.290557 0.229593 0.029354 0.040241
6 0.204607 0.303778 0.022891 0.029833
18 0.186419 0.378042 0.018328 0.039083
0 0.182562 0.159269 0.026063 0.034519
4 0.088953 0.213500 0.019646 0.025278
7 0.060958 0.430269 0.024792 0.035630
11 0.061633 0.276662 0.021557 0.029880
14 0.049651 0.347546 0.020927 0.034463
1 0.817508 0.214662 0.027880 0.042806
