17 0.854766 0.619398 0.039885 0.039574
16 0.861938 0.495986 0.038031 0.039583
15 0.867091 0.406245 0.038964 0.038472
20 0.672901 0.472060 0.027833 0.054417
5 0.340831 0.266745 0.029349 0.040250
6 0.253891 0.339000 0.022896 0.029833
18 0.239034 0.407231 0.018328 0.039074
0 0.233995 0.191065 0.026063 0.034519
4 0.143297 0.241759 0.019646 0.025278
7 0.112474 0.459759 0.024792 0.035630
11 0.112401 0.309088 0.021562 0.029880
14 0.102289 0.376861 0.020922 0.034463
1 0.876357 0.255833 0.027880 0.042815
10 0.047523 0.298481 0.014068 0.027074
