17 0.848875 0.544838 0.039885 0.039583
16 0.853023 0.443981 0.038036 0.039574
15 0.862008 0.330338 0.038964 0.038472
20 0.670779 0.397194 0.027828 0.054426
5 0.349234 0.196685 0.029354 0.040241
6 0.265060 0.267819 0.022891 0.029843
18 0.246578 0.339093 0.018323 0.039074
0 0.246346 0.125731 0.026057 0.034519
4 0.158354 0.174435 0.019646 0.025278
7 0.127625 0.384019 0.024792 0.035630
11 0.128677 0.237745 0.021562 0.029880
14 0.117167 0.311051 0.020927 0.034472
1 0.871232 0.189421 0.027880 0.042806
10 0.064086 0.229861 0.020609 0.024741
