17 0.811698 0.593718 0.039885 0.039583
16 0.820633 0.468361 0.038036 0.039574
15 0.821492 0.380662 0.038964 0.038472
20 0.630883 0.445801 0.027828 0.054417
5 0.296323 0.247981 0.029354 0.040241
6 0.208516 0.321681 0.022896 0.029843
18 0.192510 0.397995 0.018323 0.039083
0 0.187753 0.174926 0.026057 0.034519
4 0.096589 0.226111 0.019646 0.025278
7 0.067083 0.448815 0.024792 0.035630
11 0.064383 0.293477 0.021557 0.029880
14 0.056102 0.363796 0.020922 0.034463
1 0.829227 0.234653 0.027880 0.042806
