17 0.800779 0.570236 0.039891 0.039583
16 0.805943 0.453505 0.038031 0.039583
15 0.810305 0.360056 0.038964 0.038481
20 0.615195 0.432389 0.027828 0.054426
5 0.280906 0.233403 0.029354 0.040250
6 0.194133 0.309801 0.022891 0.029843
18 0.175690 0.384565 0.018328 0.039074
0 0.169193 0.162694 0.026063 0.034519
4 0.073854 0.218426 0.019646 0.025278
7 0.046911 0.437065 0.024792 0.035630
11 0.047307 0.281486 0.021563 0.029880
14 0.035927 0.352287 0.020927 0.034463
1 0.811924 0.217921 0.027880 0.042806
