17 0.822589 0.599708 0.039885 0.039583
16 0.831203 0.475301 0.038031 0.039583
15 0.833549 0.387130 0.038964 0.038481
20 0.641526 0.453088 0.027833 0.054417
5 0.307771 0.252333 0.029354 0.040241
6 0.219867 0.325736 0.022891 0.029843
18 0.204609 0.399671 0.018323 0.039083
0 0.199490 0.178370 0.026063 0.034519
4 0.107990 0.229639 0.019646 0.025278
7 0.078286 0.450630 0.024792 0.035630
11 0.076292 0.297532 0.021563 0.029880
14 0.068104 0.365731 0.020927 0.034463
1 0.842010 0.238569 0.027885 0.042806
10 0.010786 0.287333 0.013479 0.027074
