17 0.815146 0.557019 0.039885 0.039574
16 0.819823 0.449606 0.038031 0.039583
15 0.825648 0.348139 0.038964 0.038481
20 0.637581 0.414991 0.027828 0.054426
5 0.312344 0.219171 0.029354 0.040250
6 0.227643 0.290306 0.022891 0.029833
18 0.209687 0.363449 0.018323 0.039083
0 0.209456 0.149148 0.026057 0.034519
4 0.118828 0.200667 0.019646 0.025278
7 0.089151 0.414000 0.024792 0.035630
11 0.090206 0.263977 0.021557 0.029880
14 0.077643 0.335407 0.020922 0.034463
1 0.833815 0.206287 0.027880 0.042815
10 0.024852 0.256241 0.020609 0.024741
