17 0.874508 0.632662 0.039891 0.039583
16 0.881435 0.508829 0.038036 0.039583
15 0.886591 0.418227 0.038964 0.038472
20 0.692643 0.483185 0.027828 0.054426
5 0.361052 0.276157 0.029354 0.040241
6 0.275076 0.347986 0.022891 0.029843
18 0.260219 0.414079 0.018323 0.039083
0 0.255661 0.200907 0.026062 0.034519
4 0.166167 0.250324 0.019646 0.025278
7 0.134620 0.467463 0.024792 0.035630
11 0.135271 0.316356 0.021563 0.029880
14 0.123234 0.385852 0.020927 0.034463
1 0.895857 0.269528 0.027880 0.042815
10 0.072013 0.305907 0.014453 0.027074
