17 0.809958 0.558894 0.039885 0.039583
16 0.814716 0.450468 0.038036 0.039583
15 0.820052 0.350880 0.038969 0.038481
20 0.632471 0.417731 0.027828 0.054426
5 0.306667 0.222630 0.029354 0.040241
6 0.221888 0.293764 0.022891 0.029843
18 0.204013 0.367199 0.018328 0.039083
0 0.203781 0.152750 0.026062 0.034519
4 0.112750 0.204704 0.019646 0.025278
7 0.083234 0.418611 0.024792 0.035630
11 0.084289 0.268014 0.021557 0.029880
14 0.071563 0.339157 0.020927 0.034463
1 0.828060 0.208880 0.027880 0.042815
10 0.018367 0.259023 0.018745 0.025120
