17 0.806497 0.590296 0.039891 0.039574
16 0.814471 0.464935 0.038036 0.039574
15 0.816102 0.377236 0.038964 0.038472
20 0.625104 0.441694 0.027833 0.054426
5 0.290547 0.245926 0.029354 0.040241
6 0.202930 0.319282 0.022891 0.029843
18 0.185964 0.395602 0.018323 0.039074
0 0.181398 0.171843 0.026057 0.034519
4 0.090370 0.223806 0.019646 0.025278
7 0.060729 0.447111 0.024792 0.035630
11 0.058221 0.291079 0.021557 0.029880
14 0.049747 0.362769 0.020922 0.034463
1 0.823451 0.231574 0.027880 0.042815
