17 0.799740 0.571880 0.039885 0.039574
16 0.804961 0.453912 0.038036 0.039583
15 0.809206 0.361287 0.038964 0.038481
20 0.613490 0.433662 0.027833 0.054417
5 0.278365 0.234694 0.029354 0.040241
6 0.192438 0.310829 0.022896 0.029843
18 0.172828 0.386375 0.018323 0.039083
0 0.165833 0.163583 0.026063 0.034519
4 0.069719 0.220444 0.019646 0.025278
7 0.043474 0.438972 0.024792 0.035630
11 0.043680 0.282819 0.021557 0.029880
14 0.032568 0.353824 0.020927 0.034463
1 0.810451 0.219005 0.027880 0.042806
