17 0.913667 0.662366 0.039885 0.039583
16 0.920273 0.540361 0.038036 0.039574
15 0.925091 0.449222 0.038964 0.038481
20 0.730786 0.510639 0.027833 0.054426
5 0.402880 0.301329 0.029354 0.040250
6 0.318862 0.368977 0.022891 0.029843
18 0.304685 0.435222 0.018328 0.039074
0 0.300091 0.226648 0.026057 0.034519
4 0.213891 0.273750 0.019646 0.025278
7 0.181380 0.484935 0.024792 0.035630
11 0.182320 0.337477 0.021557 0.029880
14 0.169404 0.405037 0.020922 0.034463
1 0.934018 0.301602 0.027880 0.042815
10 0.118052 0.325991 0.014719 0.027074
