17 0.794539 0.580097 0.039891 0.039583
16 0.800049 0.455968 0.038036 0.039583
15 0.803716 0.367449 0.038964 0.038472
20 0.611133 0.431796 0.027828 0.054426
5 0.276479 0.239773 0.029354 0.040250
6 0.189549 0.312884 0.022891 0.029843
18 0.170135 0.389069 0.018323 0.039083
0 0.165568 0.164046 0.026063 0.034519
4 0.073979 0.218463 0.019646 0.025278
7 0.044615 0.442185 0.024792 0.035630
11 0.042961 0.284708 0.021557 0.029880
14 0.033646 0.359139 0.020927 0.034463
1 0.809247 0.223060 0.027880 0.042806
