17 0.809096 0.592009 0.039891 0.039574
16 0.817552 0.466648 0.038031 0.039574
15 0.818794 0.378949 0.038964 0.038472
20 0.627992 0.443750 0.027828 0.054426
5 0.293432 0.246954 0.029354 0.040241
6 0.205724 0.320486 0.022896 0.029843
18 0.189237 0.396801 0.018328 0.039083
0 0.184576 0.173380 0.026057 0.034519
4 0.093479 0.224963 0.019646 0.025278
7 0.063906 0.447963 0.024792 0.035630
11 0.061302 0.292282 0.021563 0.029880
14 0.052924 0.363278 0.020922 0.034463
1 0.826336 0.233111 0.027880 0.042815
