17 0.828120 0.552333 0.039885 0.039574
16 0.832591 0.447440 0.038036 0.039583
15 0.839633 0.341296 0.038964 0.038481
20 0.650349 0.408148 0.027833 0.054426
5 0.326531 0.210523 0.029354 0.040250
6 0.242036 0.281657 0.022896 0.029833
18 0.223875 0.354083 0.018323 0.039074
0 0.223646 0.140139 0.026063 0.034519
4 0.134031 0.190574 0.019646 0.025278
7 0.103948 0.402472 0.024792 0.035630
11 0.105003 0.253884 0.021557 0.029880
14 0.092844 0.326037 0.020927 0.034463
1 0.848206 0.199796 0.027880 0.042815
10 0.039940 0.246093 0.020609 0.024741
