17 0.887667 0.641509 0.039885 0.039574
16 0.894435 0.517384 0.038036 0.039583
15 0.899591 0.426218 0.038964 0.038472
20 0.705799 0.490606 0.027828 0.054417
5 0.374531 0.282435 0.029354 0.040241
6 0.289201 0.353977 0.022891 0.029843
18 0.274344 0.418644 0.018323 0.039083
0 0.270107 0.207472 0.026057 0.034519
4 0.181411 0.256028 0.019646 0.025278
7 0.149385 0.472593 0.024792 0.035630
11 0.150518 0.321208 0.021557 0.029880
14 0.137195 0.391843 0.020922 0.034463
1 0.908857 0.278657 0.027880 0.042815
10 0.088339 0.310861 0.014719 0.027074
