17 0.804937 0.563662 0.039885 0.039583
16 0.809870 0.451861 0.038031 0.039574
15 0.814695 0.355125 0.038964 0.038472
20 0.624495 0.423995 0.027833 0.054417
5 0.295385 0.227690 0.029354 0.040250
6 0.209846 0.300764 0.022891 0.029843
18 0.191786 0.374782 0.018323 0.039083
0 0.189247 0.157556 0.026057 0.034519
4 0.096500 0.211028 0.019646 0.025278
7 0.067984 0.426870 0.024792 0.035630
11 0.068794 0.274245 0.021557 0.029880
14 0.056513 0.345176 0.020922 0.034463
1 0.820299 0.213028 0.027880 0.042815
