17 0.818443 0.597569 0.039885 0.039583
16 0.827458 0.472685 0.038031 0.039574
15 0.828867 0.384750 0.038964 0.038481
20 0.637648 0.450472 0.027828 0.054426
5 0.303490 0.250671 0.029354 0.040250
6 0.215586 0.324306 0.022891 0.029833
18 0.200195 0.399431 0.018328 0.039083
0 0.195211 0.177417 0.026057 0.034519
4 0.103844 0.228444 0.019646 0.025278
7 0.074276 0.450148 0.024792 0.035630
11 0.071878 0.296106 0.021557 0.029880
14 0.063693 0.365019 0.020927 0.034463
1 0.837063 0.237384 0.027885 0.042806
10 0.006706 0.286102 0.013411 0.027074
