17 0.804591 0.564213 0.039891 0.039574
16 0.809544 0.451995 0.038036 0.039583
15 0.814331 0.355537 0.038964 0.038481
20 0.623721 0.424694 0.027828 0.054426
5 0.294177 0.228167 0.029354 0.040241
6 0.208534 0.301519 0.022891 0.029833
18 0.190445 0.375597 0.018328 0.039083
0 0.187576 0.157981 0.026057 0.034519
4 0.094615 0.211648 0.019646 0.025278
7 0.066229 0.427713 0.024792 0.035630
11 0.067003 0.274856 0.021557 0.029880
14 0.054797 0.345769 0.020927 0.034463
1 0.819602 0.213435 0.027880 0.042815
