17 0.794885 0.579546 0.039885 0.039574
16 0.800378 0.455829 0.038036 0.039583
15 0.804086 0.367037 0.038964 0.038481
20 0.611289 0.431921 0.027828 0.054417
5 0.276604 0.239435 0.029354 0.040241
6 0.189742 0.312745 0.022891 0.029843
18 0.170315 0.388894 0.018328 0.039083
0 0.165586 0.164019 0.026057 0.034519
4 0.073693 0.218593 0.019646 0.025278
7 0.044542 0.441972 0.024792 0.035630
11 0.043008 0.284588 0.021557 0.029880
14 0.033573 0.358787 0.020927 0.034463
1 0.809328 0.222787 0.027885 0.042815
