17 0.877797 0.634875 0.039885 0.039583
16 0.884685 0.510968 0.038036 0.039583
15 0.889841 0.420227 0.038964 0.038472
20 0.695930 0.485042 0.027828 0.054417
5 0.364422 0.277727 0.029354 0.040250
6 0.278607 0.349486 0.022891 0.029843
18 0.263750 0.415222 0.018323 0.039074
0 0.259273 0.202546 0.026057 0.034519
4 0.169979 0.251750 0.019646 0.025278
7 0.138313 0.468741 0.024792 0.035630
11 0.139083 0.317569 0.021563 0.029880
14 0.126724 0.387347 0.020927 0.034472
1 0.899107 0.271810 0.027880 0.042806
10 0.076094 0.307148 0.014521 0.027074
