17 0.822930 0.554208 0.039891 0.039583
16 0.827484 0.448306 0.038031 0.039574
15 0.834039 0.344032 0.038964 0.038472
20 0.645242 0.410884 0.027828 0.054417
5 0.320857 0.213981 0.029349 0.040241
6 0.236279 0.285116 0.022891 0.029843
18 0.218201 0.357829 0.018328 0.039083
0 0.217971 0.143745 0.026057 0.034509
4 0.127951 0.194611 0.019641 0.025278
7 0.098031 0.407083 0.024792 0.035630
11 0.099083 0.257921 0.021563 0.029880
14 0.086763 0.329787 0.020922 0.034463
1 0.842451 0.202394 0.027880 0.042806
10 0.033906 0.250153 0.020604 0.024750
