17 0.796099 0.583449 0.039885 0.039583
16 0.802148 0.458088 0.038036 0.039583
15 0.805315 0.370394 0.038964 0.038472
20 0.613549 0.433477 0.027828 0.054417
5 0.278992 0.241819 0.029349 0.040250
6 0.191763 0.314495 0.022891 0.029843
18 0.172870 0.390810 0.018323 0.039083
0 0.168690 0.165685 0.026057 0.034519
4 0.077937 0.219213 0.019646 0.025278
7 0.048021 0.443685 0.024792 0.035630
11 0.045898 0.286292 0.021557 0.029880
14 0.037039 0.360713 0.020922 0.034463
1 0.811896 0.225412 0.027885 0.042806
