17 0.830880 0.603991 0.039885 0.039574
16 0.838693 0.480532 0.038031 0.039583
15 0.842914 0.391884 0.038964 0.038472
20 0.649284 0.458319 0.027828 0.054417
5 0.316328 0.255667 0.029354 0.040241
6 0.228427 0.328588 0.022896 0.029843
18 0.213437 0.400144 0.018323 0.039083
0 0.208049 0.180269 0.026057 0.034519
4 0.116281 0.232009 0.019646 0.025278
7 0.086313 0.451574 0.024792 0.035630
11 0.085117 0.300384 0.021557 0.029880
14 0.076932 0.367157 0.020927 0.034463
1 0.851909 0.240949 0.027880 0.042806
10 0.018951 0.289815 0.013609 0.027074
