17 0.881089 0.637088 0.039885 0.039583
16 0.887935 0.513106 0.038036 0.039583
15 0.893091 0.422222 0.038964 0.038481
20 0.699221 0.486898 0.027828 0.054426
5 0.367792 0.279296 0.029354 0.040241
6 0.282138 0.350986 0.022891 0.029843
18 0.267281 0.416366 0.018323 0.039083
0 0.262883 0.204185 0.026057 0.034519
4 0.173786 0.253176 0.019646 0.025278
7 0.142000 0.470028 0.024792 0.035630
11 0.142893 0.318782 0.021557 0.029880
14 0.130214 0.388843 0.020927 0.034463
1 0.902357 0.274093 0.027880 0.042815
10 0.080174 0.308384 0.014589 0.027065
