17 0.798005 0.574620 0.039885 0.039574
16 0.803323 0.454597 0.038031 0.039583
15 0.807378 0.363338 0.038964 0.038472
20 0.612706 0.433042 0.027828 0.054417
5 0.277737 0.236389 0.029349 0.040241
6 0.191477 0.311514 0.022891 0.029843
18 0.171930 0.387273 0.018328 0.039083
0 0.165745 0.163741 0.026063 0.034519
4 0.071141 0.219787 0.019646 0.025278
7 0.043854 0.440046 0.024792 0.035630
11 0.043440 0.283449 0.021557 0.029880
14 0.032927 0.355597 0.020927 0.034472
1 0.810049 0.220356 0.027880 0.042806
