17 0.826734 0.601852 0.039885 0.039574
16 0.834948 0.477917 0.038031 0.039574
15 0.838232 0.389505 0.038964 0.038472
20 0.645404 0.455704 0.027828 0.054426
5 0.312049 0.254000 0.029349 0.040241
6 0.224148 0.327162 0.022891 0.029843
18 0.209023 0.399912 0.018328 0.039083
0 0.203771 0.179315 0.026062 0.034519
4 0.112135 0.230824 0.019646 0.025278
7 0.082302 0.451102 0.024792 0.035630
11 0.080706 0.298958 0.021557 0.029880
14 0.072518 0.366444 0.020922 0.034463
1 0.846961 0.239759 0.027880 0.042815
10 0.014870 0.288574 0.013542 0.027074
