17 0.801299 0.586875 0.039891 0.039583
16 0.808310 0.461514 0.038036 0.039583
15 0.810711 0.373815 0.038964 0.038481
20 0.619328 0.437588 0.027833 0.054417
5 0.284768 0.243870 0.029349 0.040241
6 0.197346 0.316884 0.022891 0.029843
18 0.179417 0.393208 0.018323 0.039083
0 0.175044 0.168759 0.026057 0.034519
4 0.084156 0.221509 0.019646 0.025278
7 0.054375 0.445398 0.024792 0.035630
11 0.052060 0.288681 0.021557 0.029880
14 0.043393 0.361741 0.020922 0.034463
1 0.817674 0.228491 0.027880 0.042815
