17 0.795581 0.578454 0.039891 0.039574
16 0.801031 0.455556 0.038031 0.039574
15 0.804815 0.366218 0.038964 0.038472
20 0.611607 0.432171 0.027828 0.054417
5 0.276859 0.238759 0.029354 0.040241
6 0.190128 0.312472 0.022891 0.029833
18 0.170672 0.388532 0.018323 0.039083
0 0.165620 0.163954 0.026062 0.034519
4 0.073125 0.218861 0.019646 0.025278
7 0.044391 0.441546 0.024792 0.035630
11 0.043104 0.284329 0.021562 0.029880
14 0.033430 0.358074 0.020922 0.034463
1 0.809487 0.222250 0.027880 0.042815
