17 0.804245 0.564759 0.039885 0.039574
16 0.809216 0.452134 0.038036 0.039583
15 0.813961 0.355944 0.038964 0.038481
20 0.622945 0.425394 0.027828 0.054417
5 0.292971 0.228644 0.029349 0.040250
6 0.207227 0.302273 0.022891 0.029843
18 0.189102 0.376412 0.018328 0.039083
0 0.185904 0.158407 0.026057 0.034519
4 0.092724 0.212259 0.019646 0.025278
7 0.064469 0.428565 0.024792 0.035630
11 0.065214 0.275458 0.021562 0.029880
14 0.053081 0.346361 0.020922 0.034463
1 0.818904 0.213843 0.027880 0.042815
