17 0.861346 0.623819 0.039891 0.039583
16 0.868438 0.500269 0.038031 0.039574
15 0.873591 0.410241 0.038964 0.038481
20 0.679482 0.475769 0.027828 0.054426
5 0.347573 0.269880 0.029354 0.040241
6 0.260951 0.341995 0.022891 0.029843
18 0.246096 0.409514 0.018328 0.039083
0 0.241216 0.194343 0.026057 0.034519
4 0.150917 0.244611 0.019646 0.025278
7 0.119854 0.462324 0.024792 0.035630
11 0.120023 0.311505 0.021557 0.029880
14 0.109271 0.379861 0.020927 0.034463
1 0.882857 0.260398 0.027880 0.042815
10 0.055688 0.300954 0.014198 0.027074
