17 0.892383 0.528759 0.039891 0.039574
16 0.900143 0.420884 0.038036 0.039583
15 0.908794 0.311065 0.038964 0.038481
20 0.714701 0.375074 0.027828 0.054426
5 0.390807 0.172537 0.029354 0.040241
6 0.308357 0.238931 0.022891 0.029843
18 0.292417 0.310722 0.018323 0.039074
0 0.293253 0.094731 0.026057 0.034519
4 0.204266 0.146574 0.019646 0.025278
7 0.170630 0.354352 0.024792 0.035630
11 0.173544 0.205630 0.018891 0.028944
14 0.164680 0.276991 0.020922 0.034463
1 0.919326 0.168468 0.027880 0.042806
10 0.108380 0.200495 0.020604 0.024750
