17 0.926362 0.517727 0.039891 0.039583
16 0.939633 0.393736 0.038036 0.039583
15 0.944727 0.304324 0.038964 0.038481
20 0.750070 0.358852 0.027828 0.054426
5 0.429760 0.153500 0.029354 0.040241
6 0.343784 0.218130 0.022891 0.029833
18 0.329417 0.291708 0.018323 0.039083
0 0.323602 0.072741 0.026057 0.034519
4 0.238526 0.123194 0.019646 0.025278
7 0.207552 0.333630 0.024792 0.035630
11 0.206487 0.186856 0.017703 0.028528
14 0.201385 0.255111 0.020927 0.034463
1 0.955539 0.146847 0.027880 0.042806
8 0.029831 0.488509 0.024620 0.050667
12 0.011492 0.318310 0.022286 0.036972
10 0.143622 0.177222 0.020609 0.024741
