17 0.896354 0.527282 0.039885 0.039583
16 0.904529 0.418458 0.038036 0.039583
15 0.913060 0.309380 0.038964 0.038481
20 0.718729 0.373074 0.027833 0.054426
5 0.394479 0.170431 0.029354 0.040250
6 0.312206 0.236301 0.022891 0.029843
18 0.296563 0.308190 0.018323 0.039083
0 0.297518 0.091884 0.026057 0.034509
4 0.208354 0.144148 0.019646 0.025278
7 0.174422 0.351824 0.024792 0.035630
11 0.177547 0.202731 0.018594 0.028833
14 0.168945 0.273833 0.020922 0.034463
1 0.923711 0.166569 0.027880 0.042806
10 0.112294 0.197907 0.020609 0.024741
