17 0.996500 0.585486 0.039885 0.039583
20 0.804174 0.419315 0.027828 0.054426
5 0.476224 0.191481 0.029354 0.040241
6 0.387596 0.259329 0.022891 0.029843
18 0.373052 0.328778 0.018323 0.039074
0 0.373786 0.116773 0.026063 0.034509
4 0.284719 0.167481 0.019646 0.025278
7 0.251703 0.373556 0.024792 0.035630
11 0.253404 0.226319 0.017703 0.028528
14 0.242779 0.299139 0.020922 0.034463
8 0.067503 0.529120 0.024620 0.050667
12 0.054591 0.352940 0.022286 0.036972
10 0.192695 0.213181 0.020609 0.024750
