17 0.974539 0.561199 0.039891 0.039583
16 0.985693 0.432759 0.038031 0.039574
15 0.998258 0.346773 0.038964 0.038472
20 0.791125 0.398903 0.027833 0.054417
5 0.466193 0.176366 0.029354 0.040250
6 0.376753 0.246884 0.022891 0.029843
18 0.360880 0.312866 0.018323 0.039083
0 0.361573 0.099991 0.026062 0.034519
4 0.275729 0.152231 0.019646 0.025278
7 0.240672 0.357389 0.024792 0.035630
11 0.245961 0.209792 0.017703 0.028528
14 0.234581 0.281125 0.020922 0.034472
8 0.060102 0.510417 0.024620 0.050667
12 0.045148 0.337819 0.022286 0.036972
10 0.185378 0.197028 0.020609 0.024741
