17 0.973346 0.559833 0.039891 0.039574
16 0.984690 0.431051 0.038036 0.039583
15 0.996497 0.346185 0.038964 0.038481
20 0.790122 0.397880 0.027828 0.054426
5 0.465576 0.175750 0.029349 0.040241
6 0.376135 0.246199 0.022896 0.029843
18 0.360224 0.312245 0.018323 0.039083
0 0.360766 0.099102 0.026063 0.034519
4 0.275203 0.151333 0.019646 0.025278
7 0.240094 0.356565 0.024792 0.035630
11 0.245383 0.209106 0.017703 0.028528
14 0.234120 0.280102 0.020927 0.034463
8 0.059680 0.509051 0.024620 0.050657
12 0.044648 0.337208 0.022286 0.036972
10 0.185081 0.196176 0.020609 0.024741
