17 0.880474 0.533181 0.039885 0.039583
16 0.886992 0.428153 0.038036 0.039583
15 0.895995 0.316120 0.038969 0.038481
20 0.702615 0.381079 0.027833 0.054417
5 0.379786 0.178856 0.029354 0.040250
6 0.296802 0.246829 0.022896 0.029843
18 0.279974 0.318306 0.018323 0.039074
0 0.280456 0.103259 0.026057 0.034519
4 0.192005 0.153843 0.019646 0.025278
7 0.159250 0.361935 0.024792 0.035630
11 0.161549 0.214315 0.019776 0.029259
14 0.151883 0.286472 0.020922 0.034463
1 0.906174 0.174153 0.027880 0.042806
10 0.096633 0.208255 0.020609 0.024750
