17 0.993695 0.582495 0.039891 0.039583
20 0.803164 0.416523 0.027828 0.054417
5 0.475104 0.189093 0.029354 0.040241
6 0.385747 0.255144 0.022891 0.029843
18 0.371482 0.326185 0.018328 0.039074
0 0.372552 0.114583 0.026063 0.034519
4 0.283661 0.165690 0.019646 0.025269
7 0.250245 0.371361 0.024792 0.035630
11 0.252841 0.223727 0.017703 0.028528
14 0.241768 0.296944 0.020922 0.034463
8 0.066607 0.527528 0.024620 0.050667
12 0.053357 0.350546 0.022286 0.036963
10 0.191180 0.210815 0.020609 0.024741
