17 0.944557 0.525597 0.039885 0.039583
16 0.955422 0.402806 0.038031 0.039574
15 0.963018 0.314593 0.038964 0.038481
20 0.762779 0.371347 0.027828 0.054417
5 0.444010 0.156750 0.029354 0.040241
6 0.358419 0.223949 0.022891 0.029843
18 0.342125 0.290681 0.018323 0.039083
0 0.338237 0.079926 0.026057 0.034519
4 0.253065 0.128667 0.019641 0.025278
7 0.219875 0.332944 0.024792 0.035630
11 0.223721 0.189421 0.017703 0.028528
14 0.214094 0.256991 0.020927 0.034463
1 0.975758 0.163792 0.027880 0.042806
8 0.041482 0.491079 0.024620 0.050657
12 0.023466 0.315639 0.022286 0.036963
10 0.168815 0.182037 0.020609 0.024741
