17 0.980508 0.568046 0.039891 0.039574
16 0.990701 0.441319 0.038036 0.039583
20 0.796133 0.404037 0.027828 0.054426
5 0.469271 0.179449 0.029354 0.040250
6 0.379831 0.250310 0.022891 0.029843
18 0.364154 0.315944 0.018328 0.039074
0 0.365617 0.104440 0.026057 0.034509
4 0.278375 0.156718 0.019646 0.025269
7 0.243562 0.361495 0.024792 0.035620
11 0.248852 0.213218 0.017703 0.028528
14 0.236891 0.286259 0.020927 0.034463
8 0.062221 0.517269 0.024620 0.050667
12 0.047654 0.340903 0.022286 0.036972
10 0.186846 0.201296 0.020609 0.024741
