17 0.970956 0.557093 0.039891 0.039574
16 0.982690 0.427625 0.038036 0.039583
15 0.992977 0.345009 0.038964 0.038481
20 0.788122 0.395824 0.027828 0.054426
5 0.464344 0.174519 0.029354 0.040241
6 0.374904 0.244829 0.022891 0.029843
18 0.358914 0.311014 0.018328 0.039083
0 0.359148 0.097319 0.026057 0.034509
4 0.274146 0.149537 0.019646 0.025278
7 0.238937 0.354926 0.024792 0.035630
11 0.244227 0.207736 0.017703 0.028528
14 0.233195 0.278046 0.020922 0.034463
8 0.058831 0.506310 0.024620 0.050657
12 0.043648 0.335977 0.022286 0.036972
10 0.184495 0.194472 0.020604 0.024741
