17 0.955789 0.539292 0.039891 0.039583
16 0.968260 0.410222 0.038031 0.039574
15 0.975216 0.326005 0.038964 0.038472
20 0.774333 0.382185 0.027833 0.054426
5 0.454281 0.165310 0.029354 0.040250
6 0.366122 0.234218 0.022891 0.029843
18 0.349826 0.300949 0.018328 0.039083
0 0.347865 0.086778 0.026062 0.034519
4 0.264297 0.137796 0.019646 0.025278
7 0.229505 0.343213 0.024792 0.035630
11 0.234310 0.197977 0.017703 0.028528
14 0.224362 0.265546 0.020922 0.034463
1 0.987312 0.174634 0.027885 0.042806
8 0.050789 0.493931 0.024620 0.050657
12 0.034250 0.325912 0.022292 0.036972
10 0.176711 0.186574 0.020609 0.024741
