17 0.915503 0.520806 0.039891 0.039574
16 0.926461 0.404208 0.038036 0.039583
15 0.933404 0.304324 0.038964 0.038481
20 0.738518 0.363782 0.027828 0.054417
5 0.415203 0.159866 0.029354 0.040250
6 0.331771 0.224292 0.022896 0.029843
18 0.317169 0.297051 0.018328 0.039083
0 0.315630 0.079111 0.026062 0.034519
4 0.227781 0.131407 0.019646 0.025278
7 0.194500 0.340000 0.024792 0.035630
11 0.196320 0.191171 0.017703 0.028528
14 0.189599 0.260657 0.020927 0.034463
1 0.944336 0.155269 0.027880 0.042815
8 0.019320 0.498370 0.024620 0.050667
10 0.131872 0.184981 0.020609 0.024741
