17 0.860628 0.540556 0.039891 0.039574
16 0.865070 0.440264 0.038036 0.039583
15 0.874664 0.324546 0.038964 0.038481
20 0.682471 0.391083 0.027828 0.054426
5 0.361419 0.189389 0.029349 0.040241
6 0.277547 0.259995 0.022896 0.029843
18 0.259237 0.330944 0.018328 0.039074
0 0.259125 0.117481 0.026062 0.034519
4 0.171562 0.165954 0.019646 0.025278
7 0.140292 0.374574 0.024792 0.035630
11 0.141552 0.228796 0.021260 0.029778
14 0.130555 0.302269 0.020922 0.034463
1 0.884253 0.183634 0.027880 0.042806
10 0.077055 0.221185 0.020609 0.024741
