17 0.989490 0.578009 0.039885 0.039574
16 0.994706 0.448167 0.038036 0.039574
20 0.801648 0.412333 0.027828 0.054426
5 0.473419 0.185500 0.029349 0.040241
6 0.383810 0.253046 0.022891 0.029833
18 0.369128 0.322296 0.018328 0.039074
0 0.370703 0.111287 0.026062 0.034519
4 0.282073 0.163000 0.019646 0.025278
7 0.248057 0.368074 0.024792 0.035630
11 0.252003 0.219838 0.017703 0.028528
14 0.240255 0.293657 0.020927 0.034463
8 0.065263 0.525134 0.024620 0.050657
12 0.051503 0.346958 0.022286 0.036972
10 0.188904 0.207269 0.020609 0.024741
