17 0.930135 0.515648 0.039885 0.039574
16 0.941609 0.394852 0.038031 0.039574
15 0.948143 0.304324 0.038964 0.038481
20 0.751148 0.360130 0.027828 0.054426
5 0.432099 0.151421 0.029354 0.040250
6 0.347380 0.216532 0.022896 0.029843
18 0.332112 0.286917 0.018328 0.039074
0 0.326388 0.073222 0.026057 0.034519
4 0.240594 0.121917 0.019646 0.025278
7 0.209260 0.329000 0.024792 0.035630
11 0.210081 0.184458 0.017703 0.028528
14 0.203003 0.252394 0.020922 0.034472
1 0.960122 0.150204 0.027880 0.042815
8 0.031362 0.488509 0.024620 0.050667
12 0.013914 0.315431 0.022286 0.036972
10 0.155398 0.174315 0.020609 0.024741
