17 0.954667 0.537921 0.039885 0.039583
16 0.966977 0.409481 0.038036 0.039574
15 0.973997 0.324861 0.038964 0.038481
20 0.773180 0.381102 0.027828 0.054426
5 0.453253 0.164454 0.029349 0.040241
6 0.365352 0.233190 0.022891 0.029843
18 0.349057 0.299921 0.018323 0.039083
0 0.346901 0.086093 0.026063 0.034519
4 0.263174 0.136884 0.019641 0.025269
7 0.228542 0.342185 0.024792 0.035630
11 0.233253 0.197125 0.017703 0.028528
14 0.223336 0.264694 0.020922 0.034463
1 0.986159 0.173546 0.027880 0.042815
8 0.049857 0.493648 0.024620 0.050667
12 0.033172 0.324884 0.022292 0.036972
10 0.175919 0.186120 0.020609 0.024741
