17 0.927440 0.517130 0.039891 0.039574
16 0.940198 0.394051 0.038031 0.039583
15 0.945701 0.304324 0.038964 0.038481
20 0.750380 0.359218 0.027833 0.054417
5 0.430430 0.152907 0.029349 0.040241
6 0.344812 0.217671 0.022896 0.029843
18 0.330185 0.290338 0.018328 0.039083
0 0.324398 0.072880 0.026057 0.034519
4 0.239120 0.122824 0.019646 0.025278
7 0.208042 0.332306 0.024792 0.035630
11 0.207513 0.186171 0.017703 0.028528
14 0.201846 0.254333 0.020922 0.034463
1 0.956852 0.147806 0.027880 0.042815
8 0.030268 0.488509 0.024620 0.050667
12 0.012185 0.317486 0.022286 0.036972
10 0.151451 0.172046 0.020609 0.024741
