17 0.930674 0.515352 0.039891 0.039574
16 0.941891 0.395014 0.038031 0.039583
15 0.948628 0.304324 0.038964 0.038481
20 0.751305 0.360315 0.027828 0.054426
5 0.432432 0.151125 0.029354 0.040250
6 0.347893 0.216301 0.022891 0.029843
18 0.332497 0.286231 0.018328 0.039074
0 0.326784 0.073287 0.026057 0.034519
4 0.240891 0.121731 0.019646 0.025278
7 0.209505 0.328333 0.024792 0.035630
11 0.210596 0.184116 0.017703 0.028528
14 0.203234 0.252005 0.020927 0.034472
1 0.960779 0.150681 0.027880 0.042806
8 0.031578 0.488509 0.024625 0.050667
12 0.014263 0.315023 0.022286 0.036972
10 0.156188 0.174769 0.020604 0.024741
