17 0.872536 0.536130 0.039885 0.039574
16 0.878221 0.432995 0.038036 0.039583
15 0.887461 0.319491 0.038964 0.038481
20 0.694555 0.385079 0.027828 0.054417
5 0.372437 0.183069 0.029354 0.040250
6 0.289102 0.252097 0.022891 0.029843
18 0.271680 0.323361 0.018328 0.039074
0 0.271924 0.108944 0.026057 0.034519
4 0.183828 0.158685 0.019646 0.025278
7 0.151667 0.366991 0.024792 0.035630
11 0.153552 0.220102 0.020375 0.029463
14 0.143352 0.292787 0.020922 0.034463
1 0.897404 0.177944 0.027880 0.042815
10 0.088802 0.213426 0.020604 0.024741
