17 0.966182 0.551616 0.039885 0.039583
16 0.978682 0.420778 0.038031 0.039574
15 0.985935 0.342662 0.038964 0.038472
20 0.784117 0.391718 0.027828 0.054417
5 0.461880 0.172056 0.029354 0.040241
6 0.372440 0.242093 0.022891 0.029833
18 0.356297 0.308551 0.018323 0.039083
0 0.355911 0.093759 0.026062 0.034519
4 0.272029 0.145954 0.019641 0.025278
7 0.236630 0.351639 0.024792 0.035630
11 0.241919 0.204995 0.017703 0.028528
14 0.231346 0.273935 0.020922 0.034463
8 0.057138 0.500833 0.024620 0.050667
12 0.041643 0.333509 0.022286 0.036963
10 0.183320 0.191060 0.020609 0.024750
