17 0.876505 0.534657 0.039885 0.039574
16 0.882607 0.430574 0.038036 0.039574
15 0.891727 0.317806 0.038964 0.038481
20 0.698586 0.383079 0.027828 0.054417
5 0.376115 0.180963 0.029354 0.040241
6 0.292951 0.249468 0.022891 0.029843
18 0.275828 0.320833 0.018323 0.039074
0 0.276190 0.106102 0.026057 0.034519
4 0.187917 0.156269 0.019646 0.025278
7 0.155458 0.364463 0.024792 0.035630
11 0.157549 0.217208 0.020078 0.029361
14 0.147617 0.289630 0.020922 0.034463
1 0.901789 0.176051 0.027880 0.042806
10 0.092716 0.210843 0.020609 0.024741
