17 0.999305 0.588477 0.039891 0.039583
20 0.805185 0.422102 0.027828 0.054426
5 0.477344 0.193875 0.029354 0.040250
6 0.389445 0.263514 0.022891 0.029843
18 0.374622 0.331370 0.018328 0.039074
0 0.375021 0.118963 0.026062 0.034519
4 0.285776 0.169278 0.019646 0.025278
7 0.253161 0.375750 0.024792 0.035630
11 0.253966 0.228912 0.017703 0.028528
14 0.243786 0.301333 0.020927 0.034463
8 0.068401 0.530718 0.024625 0.050657
12 0.055826 0.355329 0.022286 0.036972
10 0.194214 0.215546 0.020604 0.024741
