17 0.953544 0.536556 0.039891 0.039574
16 0.965693 0.408741 0.038031 0.039574
15 0.972776 0.323722 0.038969 0.038481
20 0.772023 0.380019 0.027828 0.054426
5 0.452224 0.163597 0.029354 0.040250
6 0.364581 0.232162 0.022891 0.029843
18 0.348286 0.298898 0.018323 0.039074
0 0.345938 0.085407 0.026063 0.034519
4 0.262052 0.135972 0.019646 0.025278
7 0.227578 0.341157 0.024792 0.035630
11 0.232195 0.196273 0.017703 0.028528
14 0.222310 0.263838 0.020922 0.034472
1 0.985003 0.172463 0.027880 0.042815
8 0.048930 0.493361 0.024620 0.050667
12 0.032091 0.323856 0.022286 0.036972
10 0.175133 0.185667 0.020609 0.024741
