17 0.929596 0.515944 0.039891 0.039574
16 0.941328 0.394690 0.038031 0.039583
15 0.947654 0.304324 0.038964 0.038481
20 0.750997 0.359949 0.027828 0.054417
5 0.431766 0.151722 0.029354 0.040241
6 0.346867 0.216764 0.022891 0.029843
18 0.331727 0.287602 0.018328 0.039074
0 0.325990 0.073148 0.026062 0.034519
4 0.240297 0.122093 0.019646 0.025278
7 0.209016 0.329657 0.024792 0.035630
11 0.209570 0.184801 0.017703 0.028528
14 0.202771 0.252778 0.020927 0.034463
1 0.959471 0.149722 0.027880 0.042815
8 0.031143 0.488509 0.024620 0.050667
12 0.013570 0.315847 0.022286 0.036972
10 0.154607 0.173861 0.020609 0.024741
