17 0.976927 0.563940 0.039885 0.039583
16 0.987695 0.436185 0.038036 0.039574
15 0.998258 0.346773 0.038964 0.038472
20 0.793128 0.400958 0.027828 0.054417
5 0.467424 0.177602 0.029349 0.040241
6 0.377982 0.248255 0.022891 0.029843
18 0.362187 0.314097 0.018323 0.039083
0 0.363190 0.101769 0.026057 0.034519
4 0.276786 0.154028 0.019646 0.025278
7 0.241828 0.359028 0.024792 0.035630
11 0.247117 0.211162 0.017703 0.028528
14 0.235505 0.283176 0.020927 0.034463
8 0.060951 0.513157 0.024620 0.050667
12 0.046148 0.339051 0.022286 0.036972
10 0.185966 0.198736 0.020609 0.024750
