17 0.961406 0.546139 0.039885 0.039574
16 0.974677 0.413931 0.038031 0.039583
15 0.981312 0.331708 0.038969 0.038472
20 0.780112 0.387606 0.027828 0.054417
5 0.459414 0.169588 0.029349 0.040250
6 0.369971 0.239356 0.022891 0.029843
18 0.353677 0.306088 0.018323 0.039083
0 0.352677 0.090199 0.026062 0.034509
4 0.269914 0.142361 0.019641 0.025278
7 0.234318 0.348352 0.024792 0.035630
11 0.239607 0.202264 0.017703 0.028528
14 0.229497 0.269829 0.020922 0.034472
1 0.993089 0.180051 0.027885 0.042806
8 0.055443 0.495356 0.024625 0.050657
12 0.039643 0.331042 0.022286 0.036972
10 0.180656 0.188843 0.020604 0.024741
