17 0.952419 0.535185 0.039891 0.039574
16 0.964409 0.408000 0.038036 0.039574
15 0.971555 0.322579 0.038964 0.038472
20 0.770867 0.378935 0.027828 0.054426
5 0.451198 0.162741 0.029354 0.040241
6 0.363810 0.231134 0.022891 0.029843
18 0.347516 0.297870 0.018323 0.039074
0 0.344977 0.084722 0.026057 0.034519
4 0.260927 0.135056 0.019646 0.025278
7 0.226615 0.340134 0.024792 0.035620
11 0.231133 0.195412 0.017703 0.028528
14 0.221281 0.262981 0.020927 0.034463
1 0.983846 0.171380 0.027880 0.042815
8 0.047997 0.493074 0.024620 0.050667
12 0.031013 0.322829 0.022286 0.036972
10 0.174341 0.185213 0.020609 0.024741
