17 0.963794 0.548875 0.039891 0.039583
16 0.976680 0.417356 0.038036 0.039583
15 0.983622 0.337185 0.038964 0.038481
20 0.782112 0.389662 0.027828 0.054417
5 0.460646 0.170819 0.029354 0.040250
6 0.371206 0.240727 0.022891 0.029843
18 0.354987 0.307319 0.018328 0.039083
0 0.354294 0.091981 0.026057 0.034519
4 0.270971 0.144157 0.019641 0.025278
7 0.235474 0.349991 0.024792 0.035630
11 0.240763 0.203630 0.017703 0.028537
14 0.230422 0.271880 0.020927 0.034463
1 0.993089 0.180051 0.027885 0.042806
8 0.056289 0.498097 0.024620 0.050657
12 0.040643 0.332273 0.022286 0.036972
10 0.182234 0.189750 0.020604 0.024741
