17 0.978120 0.565310 0.039885 0.039583
16 0.988695 0.437894 0.038036 0.039583
15 0.998258 0.346773 0.038964 0.038472
20 0.794128 0.401986 0.027828 0.054417
5 0.468042 0.178213 0.029354 0.040241
6 0.378602 0.248940 0.022891 0.029843
18 0.362844 0.314713 0.018323 0.039074
0 0.364000 0.102657 0.026062 0.034519
4 0.277318 0.154926 0.019646 0.025278
7 0.242406 0.359852 0.024792 0.035630
11 0.247695 0.211847 0.017703 0.028528
14 0.235969 0.284204 0.020927 0.034463
8 0.061372 0.514528 0.024620 0.050667
12 0.046648 0.339671 0.022286 0.036972
10 0.186258 0.199588 0.020609 0.024750
