17 0.888414 0.530231 0.039891 0.039574
16 0.895760 0.423306 0.038031 0.039574
15 0.904529 0.312750 0.038964 0.038481
20 0.710672 0.377074 0.027833 0.054426
5 0.387133 0.174644 0.029349 0.040250
6 0.304503 0.241569 0.022891 0.029843
18 0.288268 0.313250 0.018328 0.039074
0 0.288987 0.097574 0.026057 0.034519
4 0.200180 0.149000 0.019641 0.025278
7 0.166839 0.356880 0.024792 0.035630
11 0.169547 0.208523 0.019187 0.029046
14 0.160414 0.280148 0.020922 0.034463
1 0.914940 0.170361 0.027880 0.042815
10 0.104466 0.203083 0.020609 0.024741
