17 0.922742 0.518750 0.039891 0.039574
16 0.935242 0.397227 0.038036 0.039583
15 0.940951 0.304324 0.038964 0.038481
20 0.746221 0.360495 0.027828 0.054417
5 0.424911 0.155620 0.029354 0.040241
6 0.339779 0.220181 0.022891 0.029843
18 0.325333 0.293486 0.018323 0.039083
0 0.320945 0.074861 0.026057 0.034519
4 0.234948 0.125926 0.019646 0.025278
7 0.203203 0.335750 0.024792 0.035630
11 0.203096 0.188292 0.017703 0.028528
14 0.197456 0.256954 0.020922 0.034463
1 0.951805 0.149653 0.027880 0.042806
8 0.026328 0.491796 0.024625 0.050667
12 0.011143 0.318718 0.022286 0.036972
10 0.139706 0.179806 0.020609 0.024741
