17 1.003508 0.592963 0.039891 0.039574
20 0.806695 0.426292 0.027828 0.054417
5 0.479026 0.197463 0.029354 0.040241
6 0.392221 0.269792 0.022891 0.029843
18 0.376977 0.335255 0.018328 0.039083
0 0.376872 0.122259 0.026057 0.034519
4 0.287365 0.171972 0.019646 0.025278
7 0.255349 0.379037 0.024792 0.035630
11 0.254805 0.232801 0.017703 0.028528
14 0.245302 0.304620 0.020927 0.034463
8 0.069747 0.533111 0.024620 0.050667
12 0.057674 0.358921 0.022286 0.036972
10 0.196487 0.219097 0.020609 0.024750
