17 0.929057 0.516241 0.039885 0.039574
16 0.941044 0.394532 0.038036 0.039583
15 0.947164 0.304324 0.038964 0.038481
20 0.750841 0.359764 0.027828 0.054417
5 0.431432 0.152019 0.029354 0.040241
6 0.346352 0.216986 0.022891 0.029843
18 0.331341 0.288287 0.018328 0.039074
0 0.325591 0.073083 0.026057 0.034519
4 0.240005 0.122278 0.019646 0.025278
7 0.208771 0.330324 0.024792 0.035630
11 0.209055 0.185144 0.017703 0.028528
14 0.202539 0.253167 0.020922 0.034463
1 0.958815 0.149245 0.027880 0.042806
8 0.030924 0.488509 0.024620 0.050667
12 0.013221 0.316255 0.022286 0.036972
10 0.153820 0.173407 0.020609 0.024741
