17 0.982896 0.570787 0.039885 0.039574
16 0.992703 0.444741 0.038031 0.039574
20 0.798133 0.406093 0.027828 0.054426
5 0.470505 0.180681 0.029354 0.040250
6 0.381065 0.251681 0.022891 0.029843
18 0.365461 0.317176 0.018328 0.039074
0 0.367234 0.106222 0.026062 0.034519
4 0.279432 0.158509 0.019646 0.025278
7 0.244719 0.363139 0.024792 0.035630
11 0.250005 0.214583 0.017708 0.028537
14 0.237815 0.288315 0.020922 0.034463
8 0.063068 0.520005 0.024625 0.050657
12 0.048654 0.342134 0.022286 0.036972
10 0.187435 0.203000 0.020609 0.024741
