17 0.864596 0.539079 0.039891 0.039583
16 0.869453 0.437838 0.038031 0.039583
15 0.878930 0.322861 0.038964 0.038481
20 0.686497 0.389083 0.027828 0.054426
5 0.365094 0.187282 0.029354 0.040250
6 0.281398 0.257366 0.022891 0.029843
18 0.263385 0.328417 0.018323 0.039074
0 0.263391 0.114639 0.026063 0.034519
4 0.175651 0.163532 0.019646 0.025269
7 0.144083 0.372046 0.024792 0.035630
11 0.145552 0.225898 0.020969 0.029667
14 0.134820 0.299111 0.020922 0.034463
1 0.888638 0.181736 0.027880 0.042806
10 0.080971 0.218602 0.020609 0.024741
