17 0.985284 0.573523 0.039891 0.039583
16 0.994706 0.448167 0.038036 0.039574
20 0.800135 0.408148 0.027833 0.054426
5 0.471737 0.181912 0.029349 0.040250
6 0.382297 0.253046 0.022896 0.029833
18 0.366771 0.318412 0.018323 0.039083
0 0.368852 0.108000 0.026057 0.034519
4 0.280490 0.160306 0.019646 0.025278
7 0.245870 0.364778 0.024792 0.035630
11 0.251159 0.215949 0.017703 0.028528
14 0.238740 0.290370 0.020927 0.034463
8 0.063914 0.522741 0.024620 0.050667
12 0.049654 0.343366 0.022286 0.036972
10 0.188023 0.204704 0.020609 0.024741
