17 0.947927 0.529708 0.039885 0.039583
16 0.959273 0.405032 0.038036 0.039583
15 0.966680 0.318019 0.038964 0.038481
20 0.766247 0.374602 0.027828 0.054426
5 0.447091 0.159319 0.029349 0.040250
6 0.360732 0.227032 0.022891 0.029843
18 0.344435 0.293764 0.018328 0.039083
0 0.341125 0.081981 0.026062 0.034519
4 0.256435 0.131407 0.019641 0.025278
7 0.222766 0.336028 0.024792 0.035630
11 0.226898 0.191986 0.017703 0.028528
14 0.217174 0.259556 0.020922 0.034463
1 0.979227 0.167046 0.027880 0.042815
8 0.044273 0.491935 0.024620 0.050667
12 0.026701 0.318718 0.022286 0.036972
10 0.171185 0.183398 0.020609 0.024741
