17 0.919122 0.519778 0.039891 0.039574
16 0.930852 0.400718 0.038036 0.039583
15 0.937180 0.304324 0.038964 0.038481
20 0.742370 0.362139 0.027833 0.054426
5 0.420057 0.157745 0.029354 0.040250
6 0.335773 0.222236 0.022891 0.029843
18 0.321253 0.295269 0.018328 0.039074
0 0.318286 0.076981 0.026062 0.034519
4 0.231365 0.128667 0.019646 0.025278
7 0.198849 0.337870 0.024792 0.035630
11 0.199711 0.189727 0.017703 0.028528
14 0.193529 0.258806 0.020922 0.034463
1 0.948070 0.152463 0.027880 0.042815
8 0.022826 0.495083 0.024620 0.050667
10 0.135789 0.182394 0.020609 0.024750
