17 0.856656 0.542028 0.039885 0.039574
16 0.860685 0.442685 0.038036 0.039574
15 0.870398 0.326231 0.038964 0.038481
20 0.678440 0.393083 0.027828 0.054426
5 0.357745 0.191495 0.029354 0.040250
6 0.273695 0.262634 0.022891 0.029843
18 0.255091 0.333472 0.018328 0.039074
0 0.254859 0.120324 0.026063 0.034519
4 0.167474 0.168380 0.019646 0.025278
7 0.136500 0.377102 0.024792 0.035630
11 0.137555 0.231690 0.021557 0.029880
14 0.126286 0.305426 0.020927 0.034463
1 0.879867 0.185528 0.027880 0.042815
10 0.073138 0.223773 0.020609 0.024750
