17 0.927979 0.516833 0.039885 0.039574
16 0.940479 0.394213 0.038031 0.039574
15 0.946190 0.304324 0.038964 0.038481
20 0.750534 0.359398 0.027828 0.054426
5 0.430763 0.152611 0.029349 0.040241
6 0.345326 0.217449 0.022891 0.029843
18 0.330570 0.289653 0.018328 0.039083
0 0.324794 0.072944 0.026057 0.034519
4 0.239411 0.122644 0.019646 0.025269
7 0.208286 0.331648 0.024792 0.035630
11 0.208029 0.185829 0.017703 0.028528
14 0.202078 0.253944 0.020927 0.034463
1 0.957505 0.148287 0.027885 0.042815
8 0.030487 0.488509 0.024620 0.050667
12 0.012529 0.317079 0.022286 0.036972
10 0.152242 0.172500 0.020609 0.024741
