17 0.934451 0.513273 0.039891 0.039583
16 0.943867 0.396130 0.038036 0.039574
15 0.952044 0.304324 0.038964 0.038481
20 0.752383 0.361593 0.027828 0.054426
5 0.434768 0.149051 0.029349 0.040250
6 0.351487 0.214708 0.022891 0.029843
18 0.335193 0.281440 0.018323 0.039083
0 0.329570 0.073769 0.026057 0.034519
4 0.242958 0.120454 0.019646 0.025278
7 0.211214 0.323704 0.024792 0.035630
11 0.214190 0.181718 0.017703 0.028528
14 0.204852 0.249287 0.020922 0.034463
1 0.965362 0.154037 0.027880 0.042815
8 0.033107 0.488509 0.024620 0.050667
12 0.016690 0.312148 0.022286 0.036963
10 0.161711 0.177949 0.020609 0.024750
