17 0.935573 0.514644 0.039885 0.039583
16 0.945151 0.396875 0.038031 0.039583
15 0.953263 0.305463 0.038964 0.038481
20 0.753539 0.362676 0.027828 0.054426
5 0.435797 0.149907 0.029354 0.040241
6 0.352258 0.215736 0.022891 0.029843
18 0.335964 0.282468 0.018323 0.039083
0 0.330534 0.074454 0.026057 0.034519
4 0.244078 0.121366 0.019646 0.025269
7 0.212177 0.324731 0.024792 0.035630
11 0.215247 0.182579 0.017703 0.028528
14 0.205878 0.250148 0.020922 0.034463
1 0.966518 0.155120 0.027880 0.042815
8 0.034036 0.488796 0.024625 0.050667
12 0.017034 0.311736 0.022286 0.036972
10 0.162503 0.178403 0.020609 0.024750
