17 0.931214 0.515056 0.039885 0.039574
16 0.942174 0.395171 0.038036 0.039583
15 0.949117 0.304324 0.038964 0.038481
20 0.751458 0.360495 0.027833 0.054417
5 0.432766 0.150829 0.029354 0.040250
6 0.348409 0.216079 0.022891 0.029843
18 0.332883 0.285546 0.018328 0.039074
0 0.327182 0.073361 0.026063 0.034519
4 0.241182 0.121546 0.019646 0.025278
7 0.209750 0.327676 0.024792 0.035630
11 0.211107 0.183773 0.017703 0.028528
14 0.203464 0.251620 0.020927 0.034463
1 0.961435 0.151162 0.027880 0.042806
8 0.031797 0.488509 0.024625 0.050667
12 0.014609 0.314616 0.022292 0.036972
10 0.156977 0.175222 0.020609 0.024741
