17 0.967375 0.552986 0.039885 0.039583
16 0.979685 0.422491 0.038036 0.039574
15 0.987695 0.343250 0.038964 0.038481
20 0.785117 0.392741 0.027828 0.054426
5 0.462495 0.172671 0.029354 0.040250
6 0.373055 0.242773 0.022891 0.029843
18 0.356951 0.309167 0.018328 0.039074
0 0.356721 0.094648 0.026057 0.034519
4 0.272557 0.146852 0.019646 0.025278
7 0.237208 0.352458 0.024792 0.035620
11 0.242495 0.205681 0.017708 0.028528
14 0.231807 0.274963 0.020927 0.034463
8 0.057560 0.502204 0.024620 0.050667
12 0.042143 0.334125 0.022286 0.036972
10 0.183612 0.191912 0.020609 0.024750
