17 0.997901 0.586981 0.039885 0.039574
20 0.804680 0.420708 0.027828 0.054417
5 0.476786 0.192681 0.029354 0.040250
6 0.388523 0.261421 0.022891 0.029843
18 0.373839 0.330074 0.018323 0.039074
0 0.374404 0.117870 0.026057 0.034519
4 0.285247 0.168380 0.019641 0.025278
7 0.252432 0.374648 0.024792 0.035630
11 0.253685 0.227616 0.017703 0.028528
14 0.243284 0.300241 0.020922 0.034463
8 0.067953 0.529921 0.024625 0.050657
12 0.055206 0.354134 0.022286 0.036972
10 0.193456 0.214361 0.020609 0.024741
