17 0.931753 0.514759 0.039891 0.039574
16 0.942456 0.395333 0.038036 0.039574
15 0.949607 0.304324 0.038964 0.038481
20 0.751612 0.360676 0.027828 0.054426
5 0.433099 0.150532 0.029354 0.040250
6 0.348919 0.215847 0.022891 0.029843
18 0.333268 0.284861 0.018328 0.039074
0 0.327581 0.073426 0.026057 0.034519
4 0.241479 0.121366 0.019646 0.025269
7 0.209995 0.327009 0.024792 0.035630
11 0.211622 0.183431 0.017703 0.028528
14 0.203695 0.251231 0.020922 0.034463
1 0.962086 0.151639 0.027880 0.042815
8 0.032016 0.488509 0.024625 0.050667
12 0.014956 0.314199 0.022286 0.036972
10 0.157768 0.175676 0.020609 0.024741
