17 0.933372 0.513870 0.039891 0.039574
16 0.943305 0.395810 0.038036 0.039583
15 0.951070 0.304324 0.038964 0.038481
20 0.752076 0.361227 0.027828 0.054417
5 0.434099 0.149644 0.029354 0.040250
6 0.350461 0.215162 0.022891 0.029843
18 0.334422 0.282810 0.018323 0.039083
0 0.328773 0.073630 0.026057 0.034519
4 0.242365 0.120815 0.019646 0.025278
7 0.210724 0.325028 0.024792 0.035630
11 0.213164 0.182403 0.017703 0.028528
14 0.204388 0.250065 0.020922 0.034463
1 0.964052 0.153079 0.027885 0.042806
8 0.032669 0.488509 0.024620 0.050667
12 0.015997 0.312968 0.022286 0.036972
10 0.160133 0.177042 0.020609 0.024750
