17 0.908263 0.522861 0.039891 0.039574
16 0.917682 0.411190 0.038031 0.039583
15 0.925857 0.304324 0.038964 0.038481
20 0.730815 0.367069 0.027828 0.054417
5 0.405500 0.164111 0.029354 0.040241
6 0.323760 0.228403 0.022896 0.029843
18 0.309005 0.300606 0.018323 0.039083
0 0.310315 0.083352 0.026057 0.034519
4 0.220620 0.136880 0.019646 0.025278
7 0.185797 0.344241 0.024792 0.035630
11 0.189544 0.194042 0.017703 0.028528
14 0.181745 0.264352 0.020927 0.034463
1 0.936862 0.160884 0.027880 0.042806
8 0.012310 0.504944 0.024620 0.050667
10 0.124044 0.190148 0.020609 0.024741
