17 0.956914 0.540662 0.039891 0.039583
16 0.969544 0.410968 0.038036 0.039583
15 0.976435 0.327144 0.038964 0.038472
20 0.775487 0.383273 0.027828 0.054417
5 0.455307 0.166167 0.029354 0.040241
6 0.366893 0.235245 0.022891 0.029843
18 0.350596 0.301977 0.018328 0.039083
0 0.348826 0.087463 0.026057 0.034519
4 0.265422 0.138713 0.019646 0.025278
7 0.230469 0.344241 0.024792 0.035630
11 0.235372 0.198838 0.017703 0.028528
14 0.225391 0.266407 0.020927 0.034463
1 0.988466 0.175718 0.027880 0.042806
8 0.051721 0.494218 0.024620 0.050657
12 0.035331 0.326940 0.022286 0.036972
10 0.177497 0.187028 0.020609 0.024741
