17 0.972151 0.558463 0.039885 0.039574
16 0.983690 0.429338 0.038036 0.039583
15 0.994737 0.345597 0.038964 0.038472
20 0.789122 0.396852 0.027828 0.054426
5 0.464958 0.175134 0.029354 0.040250
6 0.375518 0.245514 0.022891 0.029843
18 0.359570 0.311630 0.018328 0.039074
0 0.359956 0.098213 0.026057 0.034519
4 0.274672 0.150435 0.019646 0.025278
7 0.239516 0.355741 0.024792 0.035630
11 0.244805 0.208421 0.017703 0.028528
14 0.233656 0.279074 0.020927 0.034463
8 0.059255 0.507681 0.024625 0.050657
12 0.044148 0.336588 0.022286 0.036972
10 0.184789 0.195324 0.020609 0.024741
