17 1.000706 0.589972 0.039891 0.039574
20 0.805688 0.423500 0.027833 0.054426
5 0.477906 0.195074 0.029354 0.040241
6 0.390372 0.265606 0.022891 0.029843
18 0.375409 0.332667 0.018328 0.039074
0 0.375638 0.120065 0.026057 0.034519
4 0.286305 0.170176 0.019641 0.025278
7 0.253891 0.376843 0.024792 0.035630
11 0.254245 0.230208 0.017708 0.028528
14 0.244292 0.302431 0.020927 0.034472
8 0.068852 0.531519 0.024620 0.050667
12 0.056440 0.356528 0.022286 0.036963
10 0.194971 0.216731 0.020609 0.024741
