17 0.958036 0.542032 0.039885 0.039583
16 0.970826 0.411708 0.038036 0.039583
15 0.977654 0.328287 0.038964 0.038481
20 0.776643 0.384356 0.027828 0.054417
5 0.456333 0.167019 0.029354 0.040241
6 0.367664 0.236273 0.022891 0.029843
18 0.351367 0.303005 0.018328 0.039083
0 0.349789 0.088148 0.026057 0.034519
4 0.266544 0.139620 0.019641 0.025278
7 0.231432 0.345269 0.024792 0.035630
11 0.236430 0.199690 0.017703 0.028528
14 0.226417 0.267259 0.020927 0.034463
1 0.989622 0.176801 0.027880 0.042806
8 0.052651 0.494500 0.024625 0.050667
12 0.036409 0.327963 0.022286 0.036963
10 0.178289 0.187481 0.020609 0.024741
