17 0.992294 0.581000 0.039891 0.039574
20 0.802659 0.415125 0.027828 0.054417
5 0.474542 0.187894 0.029354 0.040250
6 0.384820 0.253046 0.022891 0.029833
18 0.370698 0.324889 0.018323 0.039074
0 0.371935 0.113481 0.026057 0.034519
4 0.283130 0.164796 0.019646 0.025278
7 0.249516 0.370269 0.024792 0.035630
11 0.252563 0.222431 0.017708 0.028528
14 0.241263 0.295852 0.020922 0.034463
8 0.066159 0.526731 0.024620 0.050667
12 0.052737 0.349347 0.022286 0.036972
10 0.190422 0.209630 0.020604 0.024741
