17 0.941190 0.521491 0.039891 0.039574
16 0.951570 0.400579 0.038036 0.039583
15 0.959362 0.311171 0.038964 0.038472
20 0.759315 0.368097 0.027828 0.054417
5 0.440930 0.154185 0.029349 0.040241
6 0.356109 0.220866 0.022896 0.029843
18 0.339815 0.287602 0.018328 0.039074
0 0.335346 0.077880 0.026057 0.034519
4 0.249698 0.125926 0.019646 0.025278
7 0.216990 0.329861 0.024792 0.035630
11 0.220544 0.186856 0.017703 0.028528
14 0.211013 0.254426 0.020922 0.034463
1 0.972294 0.160542 0.027880 0.042806
8 0.038690 0.490222 0.024620 0.050667
12 0.020232 0.312560 0.022286 0.036972
10 0.166451 0.180676 0.020609 0.024741
