17 0.951297 0.533815 0.039885 0.039574
16 0.963125 0.407255 0.038031 0.039583
15 0.970336 0.321440 0.038964 0.038472
20 0.769711 0.377852 0.027828 0.054426
5 0.450172 0.161889 0.029354 0.040241
6 0.363042 0.230111 0.022896 0.029833
18 0.346745 0.296843 0.018323 0.039074
0 0.344013 0.084037 0.026057 0.034519
4 0.259805 0.134148 0.019641 0.025278
7 0.225656 0.339111 0.024792 0.035630
11 0.230076 0.194560 0.017703 0.028528
14 0.220255 0.262130 0.020927 0.034463
1 0.982690 0.170296 0.027880 0.042815
8 0.047065 0.492787 0.024620 0.050667
12 0.029935 0.321801 0.022286 0.036972
10 0.173552 0.184759 0.020604 0.024741
