17 1.002107 0.591468 0.039891 0.039583
20 0.806193 0.424894 0.027833 0.054417
5 0.478469 0.196269 0.029354 0.040241
6 0.391297 0.267699 0.022896 0.029843
18 0.376193 0.333963 0.018323 0.039074
0 0.376255 0.121157 0.026062 0.034519
4 0.286833 0.171074 0.019646 0.025278
7 0.254620 0.377944 0.024792 0.035630
11 0.254523 0.231505 0.017703 0.028528
14 0.244797 0.303528 0.020927 0.034463
8 0.069299 0.532315 0.024620 0.050667
12 0.057055 0.357727 0.022286 0.036972
10 0.195732 0.217912 0.020609 0.024750
