17 0.949052 0.531074 0.039885 0.039574
16 0.960557 0.405773 0.038031 0.039583
15 0.967898 0.319157 0.038964 0.038481
20 0.767401 0.375685 0.027833 0.054426
5 0.448120 0.160176 0.029354 0.040241
6 0.361503 0.228060 0.022891 0.029843
18 0.345206 0.294792 0.018328 0.039083
0 0.342086 0.082667 0.026057 0.034519
4 0.257557 0.132324 0.019646 0.025278
7 0.223729 0.337056 0.024792 0.035630
11 0.227956 0.192847 0.017703 0.028528
14 0.218201 0.260417 0.020922 0.034463
1 0.980380 0.168130 0.027885 0.042815
8 0.045206 0.492222 0.024620 0.050667
12 0.027779 0.319745 0.022286 0.036972
10 0.171974 0.183852 0.020604 0.024741
