17 0.979315 0.566676 0.039891 0.039574
16 0.989698 0.439606 0.038031 0.039583
20 0.795128 0.403014 0.027828 0.054417
5 0.468656 0.178833 0.029354 0.040241
6 0.379216 0.249625 0.022891 0.029843
18 0.363497 0.315329 0.018328 0.039083
0 0.364810 0.103546 0.026057 0.034519
4 0.277844 0.155824 0.019646 0.025278
7 0.242984 0.360676 0.024792 0.035630
11 0.248273 0.212532 0.017703 0.028528
14 0.236430 0.285231 0.020922 0.034463
8 0.061797 0.515898 0.024625 0.050667
12 0.047154 0.340287 0.022286 0.036963
10 0.186555 0.200444 0.020609 0.024741
