17 0.975732 0.562569 0.039891 0.039583
16 0.986695 0.434472 0.038036 0.039574
15 0.998258 0.346773 0.038964 0.038472
20 0.792128 0.399931 0.027828 0.054417
5 0.466807 0.176981 0.029354 0.040241
6 0.377367 0.247569 0.022891 0.029843
18 0.361534 0.313477 0.018328 0.039083
0 0.362383 0.100880 0.026057 0.034519
4 0.276260 0.153130 0.019646 0.025278
7 0.241250 0.358213 0.024792 0.035630
11 0.246539 0.210477 0.017703 0.028528
14 0.235044 0.282148 0.020922 0.034463
8 0.060526 0.511787 0.024625 0.050667
12 0.045648 0.338440 0.022286 0.036972
10 0.185669 0.197884 0.020609 0.024750
