17 0.868565 0.537606 0.039891 0.039583
16 0.873839 0.435417 0.038031 0.039574
15 0.883195 0.321176 0.038964 0.038481
20 0.690529 0.387079 0.027828 0.054417
5 0.368766 0.185176 0.029354 0.040241
6 0.285247 0.254736 0.022891 0.029843
18 0.267531 0.325889 0.018323 0.039074
0 0.267656 0.111792 0.026062 0.034509
4 0.179740 0.161111 0.019646 0.025278
7 0.147875 0.369519 0.024792 0.035630
11 0.149552 0.223000 0.020667 0.029574
14 0.139086 0.295954 0.020922 0.034463
1 0.893018 0.179843 0.027880 0.042815
10 0.084888 0.216014 0.020609 0.024750
