17 0.937820 0.517384 0.039891 0.039583
16 0.947719 0.398356 0.038031 0.039583
15 0.955701 0.307745 0.038964 0.038472
20 0.755846 0.364843 0.027828 0.054426
5 0.437849 0.151616 0.029354 0.040250
6 0.353799 0.217792 0.022891 0.029843
18 0.337503 0.284519 0.018328 0.039074
0 0.332458 0.075824 0.026063 0.034519
4 0.246328 0.123194 0.019646 0.025278
7 0.214099 0.326787 0.024792 0.035630
11 0.217367 0.184292 0.017703 0.028528
14 0.207932 0.251856 0.020927 0.034472
1 0.968826 0.157287 0.027880 0.042815
8 0.035898 0.489366 0.024620 0.050657
12 0.017727 0.310912 0.022286 0.036972
10 0.164081 0.179310 0.020609 0.024750
