17 0.986685 0.575019 0.039891 0.039574
16 0.994706 0.448167 0.038036 0.039574
20 0.800641 0.409542 0.027833 0.054417
5 0.472297 0.183111 0.029354 0.040241
6 0.382799 0.253046 0.022891 0.029833
18 0.367557 0.319704 0.018323 0.039074
0 0.369469 0.109093 0.026062 0.034519
4 0.281016 0.161204 0.019646 0.025278
7 0.246599 0.365880 0.024792 0.035630
11 0.251440 0.217245 0.017703 0.028528
14 0.239245 0.291463 0.020927 0.034463
8 0.064362 0.523542 0.024620 0.050657
12 0.050273 0.344565 0.022286 0.036963
10 0.188315 0.205560 0.020609 0.024750
