17 0.884445 0.531708 0.039891 0.039583
16 0.891375 0.425727 0.038031 0.039583
15 0.900263 0.314435 0.038964 0.038481
20 0.706643 0.379074 0.027828 0.054426
5 0.383458 0.176750 0.029354 0.040241
6 0.300654 0.244199 0.022891 0.029843
18 0.284122 0.315778 0.018328 0.039074
0 0.284721 0.100417 0.026057 0.034519
4 0.196094 0.151417 0.019646 0.025278
7 0.163042 0.359407 0.024792 0.035630
11 0.165549 0.211417 0.019484 0.029148
14 0.156148 0.283310 0.020922 0.034472
1 0.910557 0.172259 0.027885 0.042815
10 0.100549 0.205667 0.020609 0.024741
