17 0.968570 0.554356 0.039891 0.039583
16 0.980685 0.424204 0.038036 0.039574
15 0.989456 0.343838 0.038964 0.038472
20 0.786117 0.393769 0.027828 0.054426
5 0.463109 0.173287 0.029354 0.040241
6 0.373669 0.243458 0.022891 0.029843
18 0.357607 0.309782 0.018328 0.039083
0 0.357529 0.095537 0.026057 0.034519
4 0.273089 0.147741 0.019646 0.025278
7 0.237786 0.353278 0.024792 0.035630
11 0.243073 0.206366 0.017708 0.028528
14 0.232271 0.275991 0.020927 0.034463
8 0.057984 0.503574 0.024625 0.050667
12 0.042643 0.334741 0.022286 0.036963
10 0.183906 0.192769 0.020604 0.024741
