17 0.943435 0.524231 0.039891 0.039574
16 0.954138 0.402065 0.038036 0.039574
15 0.961799 0.313454 0.038964 0.038481
20 0.761625 0.370264 0.027833 0.054417
5 0.442984 0.155898 0.029354 0.040241
6 0.357648 0.222921 0.022891 0.029843
18 0.341354 0.289653 0.018323 0.039083
0 0.337273 0.079241 0.026057 0.034519
4 0.251943 0.127759 0.019646 0.025278
7 0.218917 0.331917 0.024792 0.035630
11 0.222661 0.188569 0.017708 0.028528
14 0.213068 0.256139 0.020927 0.034463
1 0.974604 0.162708 0.027885 0.042806
8 0.040552 0.490792 0.024625 0.050657
12 0.022388 0.314616 0.022286 0.036972
10 0.168029 0.181583 0.020609 0.024741
