17 0.959159 0.543398 0.039891 0.039574
16 0.972112 0.412449 0.038036 0.039583
15 0.978872 0.329426 0.038964 0.038481
20 0.777799 0.385440 0.027828 0.054417
5 0.457359 0.167880 0.029354 0.040241
6 0.368435 0.237301 0.022891 0.029843
18 0.352138 0.304032 0.018328 0.039083
0 0.350753 0.088833 0.026057 0.034519
4 0.267667 0.140537 0.019646 0.025278
7 0.232391 0.346296 0.024792 0.035630
11 0.237487 0.200551 0.017703 0.028528
14 0.227443 0.268120 0.020927 0.034463
1 0.990779 0.177884 0.027880 0.042806
8 0.053581 0.494787 0.024620 0.050667
12 0.037487 0.328991 0.022286 0.036963
10 0.179076 0.187935 0.020609 0.024741
