17 0.950174 0.532444 0.039891 0.039574
16 0.961841 0.406514 0.038036 0.039583
15 0.969117 0.320301 0.038964 0.038472
20 0.768557 0.376769 0.027833 0.054426
5 0.449146 0.161028 0.029354 0.040241
6 0.362273 0.229088 0.022891 0.029843
18 0.345977 0.295815 0.018328 0.039074
0 0.343049 0.083352 0.026057 0.034519
4 0.258682 0.133231 0.019646 0.025278
7 0.224693 0.338083 0.024792 0.035630
11 0.229018 0.193699 0.017703 0.028528
14 0.219229 0.261269 0.020927 0.034463
1 0.981534 0.169213 0.027880 0.042815
8 0.046135 0.492505 0.024625 0.050657
12 0.028857 0.320773 0.022286 0.036972
10 0.172763 0.184306 0.020609 0.024741
