17 0.904292 0.524333 0.039885 0.039574
16 0.913297 0.413616 0.038031 0.039583
15 0.921591 0.306009 0.038964 0.038481
20 0.726789 0.369069 0.027828 0.054417
5 0.401828 0.166218 0.029354 0.040250
6 0.319909 0.231032 0.022891 0.029843
18 0.304859 0.303134 0.018323 0.039083
0 0.306049 0.086194 0.026057 0.034519
4 0.216531 0.139306 0.019646 0.025278
7 0.182005 0.346769 0.024792 0.035630
11 0.185542 0.196940 0.018000 0.028639
14 0.177479 0.267509 0.020927 0.034463
1 0.932479 0.162778 0.027885 0.042815
10 0.120128 0.192736 0.020609 0.024750
