17 0.911883 0.521833 0.039891 0.039574
16 0.922070 0.407699 0.038036 0.039583
15 0.929630 0.304324 0.038969 0.038481
20 0.734669 0.365426 0.027828 0.054426
5 0.410354 0.161991 0.029354 0.040241
6 0.327766 0.226347 0.022896 0.029843
18 0.313089 0.298829 0.018323 0.039083
0 0.312974 0.081231 0.026062 0.034519
4 0.224203 0.134148 0.019646 0.025278
7 0.190146 0.342120 0.024792 0.035630
11 0.192930 0.192606 0.017703 0.028528
14 0.185672 0.262500 0.020927 0.034463
1 0.940599 0.158074 0.027885 0.042815
8 0.015815 0.501657 0.024620 0.050667
10 0.127958 0.187565 0.020604 0.024741
