17 0.988086 0.576514 0.039891 0.039583
16 0.994706 0.448167 0.038036 0.039574
20 0.801146 0.410940 0.027833 0.054417
5 0.472859 0.184306 0.029354 0.040241
6 0.383305 0.253046 0.022891 0.029833
18 0.368341 0.321000 0.018328 0.039074
0 0.370086 0.110194 0.026057 0.034519
4 0.281547 0.162102 0.019646 0.025278
7 0.247328 0.366972 0.024792 0.035630
11 0.251721 0.218542 0.017703 0.028528
14 0.239750 0.292565 0.020927 0.034463
8 0.064812 0.524338 0.024625 0.050657
12 0.050888 0.345764 0.022286 0.036972
10 0.188612 0.206412 0.020609 0.024750
