17 0.995096 0.583991 0.039891 0.039574
20 0.803669 0.417917 0.027828 0.054426
5 0.475661 0.190287 0.029354 0.040241
6 0.386669 0.257236 0.022891 0.029843
18 0.372268 0.327481 0.018328 0.039074
0 0.373169 0.115676 0.026057 0.034519
4 0.284187 0.166583 0.019646 0.025278
7 0.250974 0.372458 0.024792 0.035620
11 0.253122 0.225023 0.017703 0.028528
14 0.242273 0.298046 0.020922 0.034463
8 0.067055 0.528324 0.024620 0.050667
12 0.053971 0.351745 0.022286 0.036972
10 0.191940 0.212000 0.020609 0.024741
