17 0.936695 0.516014 0.039891 0.039583
16 0.946435 0.397616 0.038036 0.039583
15 0.954482 0.306606 0.038964 0.038472
20 0.754693 0.363759 0.027833 0.054426
5 0.436823 0.150759 0.029354 0.040241
6 0.353029 0.216764 0.022891 0.029843
18 0.336734 0.283495 0.018323 0.039083
0 0.331497 0.075139 0.026057 0.034519
4 0.245203 0.122278 0.019646 0.025278
7 0.213135 0.325759 0.024792 0.035630
11 0.216307 0.183431 0.017708 0.028528
14 0.206904 0.251000 0.020922 0.034463
1 0.967672 0.156204 0.027885 0.042815
8 0.034966 0.489083 0.024620 0.050667
12 0.017383 0.311329 0.022286 0.036972
10 0.163292 0.178856 0.020604 0.024750
