17 0.932292 0.514463 0.039885 0.039574
16 0.942740 0.395491 0.038031 0.039574
15 0.950091 0.304324 0.038964 0.038481
20 0.751766 0.360861 0.027833 0.054426
5 0.433432 0.150236 0.029354 0.040250
6 0.349435 0.215620 0.022891 0.029833
18 0.333654 0.284181 0.018328 0.039083
0 0.327979 0.073491 0.026062 0.034519
4 0.241776 0.121185 0.019646 0.025278
7 0.210234 0.326352 0.024792 0.035630
11 0.212135 0.183088 0.017708 0.028528
14 0.203927 0.250843 0.020927 0.034463
1 0.962742 0.152120 0.027880 0.042815
8 0.032232 0.488509 0.024620 0.050667
12 0.015305 0.313792 0.022286 0.036972
10 0.158555 0.176134 0.020609 0.024750
