17 0.940065 0.520120 0.039891 0.039574
16 0.950286 0.399838 0.038031 0.039583
15 0.958143 0.310028 0.038964 0.038481
20 0.758159 0.367009 0.027828 0.054426
5 0.439901 0.153329 0.029354 0.040250
6 0.355341 0.219838 0.022891 0.029843
18 0.339044 0.286574 0.018328 0.039074
0 0.334385 0.077194 0.026062 0.034519
4 0.248573 0.125019 0.019646 0.025278
7 0.216026 0.328838 0.024792 0.035620
11 0.219484 0.186000 0.017708 0.028537
14 0.209984 0.253565 0.020927 0.034463
1 0.971138 0.159454 0.027880 0.042815
8 0.037758 0.489935 0.024620 0.050667
12 0.019154 0.311532 0.022286 0.036972
10 0.165659 0.180218 0.020609 0.024750
