17 0.984089 0.572153 0.039885 0.039583
16 0.993703 0.446454 0.038031 0.039574
20 0.799133 0.407120 0.027828 0.054426
5 0.471120 0.181296 0.029354 0.040241
6 0.381680 0.252366 0.022891 0.029843
18 0.366117 0.317792 0.018328 0.039083
0 0.368044 0.107111 0.026057 0.034519
4 0.279958 0.159407 0.019646 0.025278
7 0.245297 0.363963 0.024792 0.035630
11 0.250583 0.215264 0.017708 0.028528
14 0.238279 0.289343 0.020922 0.034463
8 0.063492 0.521375 0.024620 0.050657
12 0.049154 0.342755 0.022286 0.036972
10 0.187729 0.203852 0.020604 0.024741
