17 0.981701 0.569417 0.039891 0.039574
16 0.991701 0.443032 0.038036 0.039583
20 0.797133 0.405065 0.027828 0.054426
5 0.469891 0.180065 0.029354 0.040241
6 0.380451 0.250995 0.022891 0.029843
18 0.364807 0.316560 0.018323 0.039083
0 0.366424 0.105333 0.026057 0.034519
4 0.278901 0.157611 0.019646 0.025278
7 0.244141 0.362315 0.024792 0.035630
11 0.249427 0.213903 0.017708 0.028528
14 0.237354 0.287287 0.020927 0.034463
8 0.062643 0.518634 0.024620 0.050657
12 0.048154 0.341519 0.022286 0.036963
10 0.187141 0.202148 0.020604 0.024741
