17 0.990891 0.579505 0.039885 0.039583
16 0.994706 0.448167 0.038036 0.039574
20 0.802154 0.413731 0.027828 0.054426
5 0.473979 0.186699 0.029354 0.040250
6 0.384315 0.253046 0.022891 0.029833
18 0.369911 0.323593 0.018323 0.039074
0 0.371320 0.112389 0.026057 0.034519
4 0.282604 0.163898 0.019646 0.025278
7 0.248786 0.369167 0.024792 0.035630
11 0.252284 0.221134 0.017703 0.028528
14 0.240760 0.294755 0.020927 0.034472
8 0.065711 0.525935 0.024620 0.050667
12 0.052122 0.348153 0.022286 0.036972
10 0.189664 0.208449 0.020609 0.024750
