17 0.969763 0.555722 0.039891 0.039574
16 0.981687 0.425912 0.038031 0.039583
15 0.991216 0.344426 0.038964 0.038481
20 0.787120 0.394796 0.027833 0.054426
5 0.463729 0.173903 0.029354 0.040250
6 0.374286 0.244144 0.022896 0.029843
18 0.358260 0.310398 0.018323 0.039074
0 0.358339 0.096426 0.026062 0.034519
4 0.273615 0.148639 0.019646 0.025278
7 0.238365 0.354102 0.024792 0.035630
11 0.243648 0.207051 0.017703 0.028528
14 0.232732 0.277019 0.020922 0.034463
8 0.058409 0.504944 0.024620 0.050667
12 0.043148 0.335356 0.022286 0.036972
10 0.184201 0.193620 0.020609 0.024741
