17 0.960284 0.544769 0.039891 0.039574
16 0.973393 0.413190 0.038036 0.039583
15 0.980091 0.330569 0.038964 0.038472
20 0.778956 0.386523 0.027828 0.054417
5 0.458385 0.168731 0.029354 0.040241
6 0.369203 0.238329 0.022896 0.029843
18 0.352909 0.305060 0.018328 0.039083
0 0.351716 0.089519 0.026057 0.034519
4 0.268792 0.141444 0.019646 0.025278
7 0.233354 0.347324 0.024792 0.035630
11 0.238549 0.201403 0.017703 0.028528
14 0.228471 0.268972 0.020922 0.034463
1 0.991935 0.178968 0.027880 0.042806
8 0.054513 0.495074 0.024620 0.050667
12 0.038565 0.330014 0.022286 0.036972
10 0.179867 0.188389 0.020609 0.024741
