17 0.932831 0.514167 0.039891 0.039574
16 0.943021 0.395653 0.038031 0.039583
15 0.950581 0.304324 0.038964 0.038481
20 0.751919 0.361042 0.027828 0.054417
5 0.433766 0.149940 0.029354 0.040250
6 0.349948 0.215394 0.022896 0.029843
18 0.334036 0.283495 0.018323 0.039083
0 0.328378 0.073565 0.026057 0.034519
4 0.242070 0.121000 0.019641 0.025278
7 0.210479 0.325685 0.024792 0.035630
11 0.212648 0.182745 0.017703 0.028528
14 0.204156 0.250454 0.020927 0.034463
1 0.963398 0.152597 0.027880 0.042806
8 0.032451 0.488509 0.024620 0.050667
12 0.015648 0.313380 0.022286 0.036963
10 0.159346 0.176588 0.020609 0.024750
