17 0.962602 0.547509 0.039891 0.039574
16 0.975680 0.415644 0.038036 0.039583
15 0.982466 0.334449 0.038964 0.038472
20 0.781112 0.388634 0.027828 0.054417
5 0.460031 0.170204 0.029354 0.040241
6 0.370591 0.240042 0.022891 0.029843
18 0.354333 0.306699 0.018323 0.039083
0 0.353487 0.091093 0.026057 0.034519
4 0.270443 0.143259 0.019646 0.025278
7 0.234896 0.349176 0.024792 0.035630
11 0.240185 0.202944 0.017703 0.028537
14 0.229961 0.270852 0.020922 0.034463
1 0.993089 0.180051 0.027885 0.042806
8 0.055867 0.496727 0.024620 0.050657
12 0.040143 0.331662 0.022286 0.036972
10 0.181445 0.189296 0.020609 0.024741
