17 0.964987 0.550245 0.039891 0.039583
16 0.977682 0.419069 0.038031 0.039583
15 0.984779 0.339926 0.038964 0.038481
20 0.783115 0.390690 0.027833 0.054417
5 0.461263 0.171435 0.029349 0.040241
6 0.371820 0.241407 0.022891 0.029833
18 0.355641 0.307935 0.018323 0.039074
0 0.355104 0.092870 0.026063 0.034519
4 0.271500 0.145056 0.019646 0.025278
7 0.236052 0.350815 0.024792 0.035630
11 0.241341 0.204310 0.017703 0.028528
14 0.230885 0.272907 0.020927 0.034463
1 0.993089 0.180051 0.027885 0.042806
8 0.056714 0.499463 0.024625 0.050667
12 0.041143 0.332894 0.022286 0.036972
10 0.183023 0.190204 0.020609 0.024741
