17 0.933909 0.513574 0.039891 0.039574
16 0.943586 0.395972 0.038036 0.039574
15 0.951555 0.304324 0.038964 0.038481
20 0.752227 0.361407 0.027828 0.054426
5 0.434432 0.149347 0.029354 0.040250
6 0.350977 0.214935 0.022891 0.029833
18 0.334807 0.282125 0.018323 0.039083
0 0.329172 0.073699 0.026062 0.034509
4 0.242661 0.120639 0.019646 0.025278
7 0.210969 0.324361 0.024792 0.035630
11 0.213674 0.182060 0.017703 0.028528
14 0.204620 0.249676 0.020927 0.034463
1 0.964706 0.153556 0.027880 0.042815
8 0.032888 0.488509 0.024620 0.050667
12 0.016341 0.312560 0.022286 0.036972
10 0.160924 0.177495 0.020609 0.024750
