17 1.004911 0.594458 0.039885 0.039583
20 0.807201 0.427685 0.027828 0.054426
5 0.479589 0.198662 0.029354 0.040250
6 0.393148 0.271889 0.022891 0.029833
18 0.377763 0.336551 0.018328 0.039083
0 0.377487 0.123352 0.026057 0.034519
4 0.287891 0.172870 0.019646 0.025278
7 0.256078 0.380139 0.024792 0.035630
11 0.255086 0.234097 0.017703 0.028528
14 0.245807 0.305722 0.020927 0.034463
8 0.070195 0.533907 0.024620 0.050667
12 0.058289 0.360116 0.022286 0.036972
10 0.197247 0.220278 0.020609 0.024741
