17 0.942312 0.522861 0.039885 0.039574
16 0.952854 0.401324 0.038031 0.039574
15 0.960581 0.312310 0.038964 0.038472
20 0.760471 0.369181 0.027828 0.054417
5 0.441958 0.155042 0.029354 0.040250
6 0.356880 0.221894 0.022896 0.029843
18 0.340583 0.288625 0.018323 0.039083
0 0.336310 0.078560 0.026057 0.034509
4 0.250818 0.126843 0.019646 0.025278
7 0.217953 0.330889 0.024792 0.035630
11 0.221602 0.187708 0.017703 0.028528
14 0.212039 0.255278 0.020922 0.034463
1 0.973451 0.161625 0.027880 0.042806
8 0.039622 0.490509 0.024620 0.050667
12 0.021310 0.313588 0.022286 0.036972
10 0.167237 0.181130 0.020609 0.024741
