17 0.900323 0.525810 0.039885 0.039583
16 0.908911 0.416037 0.038031 0.039574
15 0.917326 0.307694 0.038964 0.038481
20 0.722758 0.371069 0.027828 0.054417
5 0.398154 0.168324 0.029349 0.040241
6 0.316060 0.233667 0.022891 0.029833
18 0.300711 0.305662 0.018328 0.039083
0 0.301784 0.089037 0.026057 0.034519
4 0.212443 0.141731 0.019646 0.025278
7 0.178214 0.349296 0.024792 0.035630
11 0.181544 0.199833 0.018297 0.028741
14 0.173211 0.270671 0.020922 0.034472
1 0.928096 0.164676 0.027880 0.042815
10 0.116211 0.195324 0.020609 0.024741
