17 0.946805 0.528338 0.039891 0.039583
16 0.957990 0.404292 0.038031 0.039583
15 0.965461 0.316875 0.038964 0.038472
20 0.765091 0.373514 0.027828 0.054417
5 0.446063 0.158463 0.029354 0.040241
6 0.359961 0.226005 0.022891 0.029843
18 0.343664 0.292736 0.018328 0.039083
0 0.340161 0.081296 0.026062 0.034519
4 0.255312 0.130491 0.019646 0.025278
7 0.221802 0.335000 0.024792 0.035630
11 0.225841 0.191134 0.017703 0.028528
14 0.216146 0.258704 0.020927 0.034463
1 0.978070 0.165958 0.027880 0.042806
8 0.043344 0.491648 0.024625 0.050667
12 0.025622 0.317690 0.022286 0.036972
10 0.170393 0.182944 0.020609 0.024741
