20 0.831260 0.467963 0.027833 0.054426
5 0.497812 0.246213 0.029354 0.040241
6 0.414263 0.312866 0.022891 0.029843
18 0.393690 0.382713 0.018328 0.039074
0 0.397451 0.167815 0.026057 0.034519
4 0.309448 0.214139 0.019646 0.025278
7 0.276995 0.418620 0.024792 0.035630
11 0.273031 0.275773 0.017708 0.028528
14 0.265659 0.348690 0.020922 0.034472
8 0.090833 0.573583 0.024625 0.050667
12 0.079096 0.401690 0.022286 0.036972
13 0.009117 0.387722 0.018234 0.035889
10 0.218742 0.263037 0.020609 0.024741
