20 0.839336 0.476935 0.027828 0.054426
5 0.505133 0.255634 0.029349 0.040250
6 0.420320 0.321384 0.022891 0.029843
18 0.402271 0.389894 0.018323 0.039083
0 0.404771 0.175889 0.026062 0.034519
4 0.317776 0.223111 0.019646 0.025278
7 0.282802 0.428935 0.024792 0.035630
11 0.281107 0.282949 0.017703 0.028528
14 0.273229 0.355417 0.020927 0.034463
8 0.097898 0.581662 0.024620 0.050657
12 0.085909 0.409319 0.022286 0.036972
13 0.017445 0.394454 0.018234 0.035889
10 0.223573 0.270134 0.020604 0.024750
