20 0.895503 0.538097 0.027828 0.054417
5 0.559849 0.303454 0.029354 0.040241
6 0.474531 0.368606 0.022896 0.029843
18 0.455339 0.439935 0.018323 0.039074
0 0.463464 0.225880 0.026062 0.034519
4 0.370182 0.270968 0.019646 0.025269
7 0.342542 0.473944 0.024792 0.035630
11 0.344383 0.328931 0.017703 0.028528
14 0.332659 0.394787 0.020922 0.034463
8 0.158529 0.618597 0.024620 0.050657
12 0.149607 0.445060 0.022286 0.036972
13 0.082234 0.429185 0.018229 0.035889
10 0.287336 0.314569 0.020609 0.024750
