20 0.879880 0.522995 0.027833 0.054417
5 0.543406 0.292870 0.029354 0.040241
6 0.457664 0.357431 0.022891 0.029843
18 0.443992 0.426380 0.018328 0.039074
0 0.445568 0.212676 0.026062 0.034519
4 0.355883 0.260204 0.019641 0.025278
7 0.323094 0.465574 0.024792 0.035630
11 0.326195 0.316745 0.017703 0.028528
14 0.315120 0.384579 0.020927 0.034472
8 0.139622 0.610370 0.024620 0.050667
12 0.130070 0.437875 0.022286 0.036972
13 0.063120 0.421824 0.018229 0.035889
10 0.272633 0.309866 0.020609 0.024750
