20 0.842029 0.479926 0.027828 0.054426
5 0.507573 0.258778 0.029354 0.040241
6 0.422336 0.324227 0.022891 0.029843
18 0.405130 0.392282 0.018323 0.039083
0 0.407211 0.178583 0.026057 0.034519
4 0.320552 0.226102 0.019646 0.025278
7 0.284734 0.432370 0.024792 0.035630
11 0.283799 0.285338 0.017703 0.028528
14 0.275753 0.357662 0.020922 0.034472
8 0.100253 0.584352 0.024620 0.050667
12 0.088180 0.411856 0.022286 0.036972
13 0.020221 0.396694 0.018234 0.035889
10 0.225182 0.272500 0.020604 0.024741
