20 0.832607 0.469458 0.027828 0.054417
5 0.499036 0.247787 0.029354 0.040241
6 0.415271 0.314282 0.022896 0.029843
18 0.395120 0.383912 0.018323 0.039083
0 0.398672 0.169167 0.026063 0.034519
4 0.310839 0.215639 0.019646 0.025278
7 0.277964 0.420333 0.024792 0.035630
11 0.274378 0.276968 0.017703 0.028528
14 0.266919 0.349810 0.020922 0.034472
8 0.092010 0.574931 0.024625 0.050657
12 0.080232 0.402958 0.022286 0.036972
13 0.010503 0.388843 0.018234 0.035889
10 0.219549 0.264222 0.020609 0.024741
