20 0.888922 0.533463 0.027833 0.054426
5 0.552240 0.299227 0.029354 0.040250
6 0.467341 0.364153 0.022891 0.029843
18 0.453034 0.434606 0.018328 0.039083
0 0.455451 0.220157 0.026057 0.034519
4 0.363661 0.266926 0.019646 0.025278
7 0.334240 0.470806 0.024792 0.035630
11 0.337128 0.323847 0.017703 0.028528
14 0.325214 0.390185 0.020927 0.034463
8 0.150138 0.614486 0.024620 0.050657
12 0.141846 0.442366 0.022286 0.036972
13 0.074055 0.426681 0.018234 0.035898
10 0.276503 0.311102 0.020609 0.024741
