20 0.894664 0.539296 0.027828 0.054426
5 0.558167 0.303153 0.029354 0.040250
6 0.473523 0.368306 0.022891 0.029833
18 0.457609 0.439648 0.018323 0.039074
0 0.461948 0.224981 0.026063 0.034519
4 0.368839 0.270968 0.019646 0.025269
7 0.341365 0.473944 0.024792 0.035630
11 0.343878 0.328329 0.017703 0.028528
14 0.331648 0.393889 0.020922 0.034463
8 0.157013 0.617403 0.024620 0.050657
12 0.149102 0.445060 0.022286 0.036972
13 0.081057 0.429481 0.018229 0.035889
10 0.281146 0.312588 0.020604 0.024750
