20 0.896242 0.537051 0.027828 0.054417
5 0.561323 0.303713 0.029354 0.040241
6 0.475414 0.368866 0.022891 0.029843
18 0.453352 0.440190 0.018328 0.039083
0 0.464786 0.226667 0.026062 0.034519
4 0.371359 0.270968 0.019646 0.025269
7 0.343573 0.473944 0.024792 0.035630
11 0.344826 0.329454 0.017703 0.028537
14 0.333542 0.395569 0.020927 0.034472
8 0.159852 0.619644 0.024620 0.050657
12 0.150049 0.445060 0.022286 0.036972
13 0.083266 0.428926 0.018229 0.035889
10 0.287878 0.314954 0.020609 0.024741
