20 0.894979 0.538847 0.027833 0.054417
5 0.558799 0.303264 0.029349 0.040250
6 0.473898 0.368421 0.022891 0.029843
18 0.456758 0.439755 0.018328 0.039083
0 0.462516 0.225315 0.026062 0.034519
4 0.369344 0.270968 0.019646 0.025269
7 0.341807 0.473944 0.024792 0.035630
11 0.344070 0.328560 0.017703 0.028528
14 0.332026 0.394222 0.020927 0.034463
8 0.157581 0.617852 0.024620 0.050667
12 0.149289 0.445060 0.022286 0.036972
13 0.081500 0.429370 0.018229 0.035889
10 0.283466 0.313333 0.020609 0.024741
