20 0.894560 0.539444 0.027828 0.054426
5 0.557958 0.303116 0.029354 0.040250
6 0.473396 0.368269 0.022896 0.029833
18 0.457893 0.439611 0.018328 0.039074
0 0.461758 0.224870 0.026057 0.034519
4 0.368667 0.270968 0.019646 0.025269
7 0.341219 0.473944 0.024792 0.035630
11 0.343815 0.328255 0.017703 0.028528
14 0.331521 0.393778 0.020927 0.034463
8 0.156826 0.617250 0.024620 0.050667
12 0.149039 0.445060 0.022286 0.036972
13 0.080909 0.429519 0.018234 0.035889
10 0.280372 0.312343 0.020609 0.024741
