20 0.855487 0.494880 0.027828 0.054426
5 0.519771 0.274477 0.029354 0.040250
6 0.432430 0.338435 0.022891 0.029833
18 0.419430 0.404245 0.018328 0.039083
0 0.419406 0.192046 0.026062 0.034519
4 0.334432 0.241056 0.019646 0.025278
7 0.294406 0.449574 0.024792 0.035630
11 0.297258 0.297301 0.017703 0.028528
14 0.288370 0.368880 0.020927 0.034463
8 0.112031 0.597810 0.024625 0.050657
12 0.099534 0.424569 0.022286 0.036972
13 0.034099 0.407917 0.018229 0.035889
10 0.243091 0.287796 0.020609 0.024741
