20 0.876263 0.518806 0.027828 0.054426
5 0.539875 0.290329 0.029354 0.040250
6 0.453797 0.354736 0.022896 0.029843
18 0.440375 0.423088 0.018323 0.039083
0 0.441612 0.209685 0.026057 0.034519
4 0.352771 0.257509 0.019646 0.025278
7 0.318635 0.463481 0.024792 0.035630
11 0.321820 0.313903 0.017703 0.028528
14 0.311081 0.382333 0.020922 0.034463
8 0.135414 0.608727 0.024620 0.050657
12 0.125359 0.436083 0.022292 0.036963
13 0.058745 0.419880 0.018229 0.035889
10 0.269648 0.307940 0.020609 0.024750
