20 0.896872 0.536153 0.027828 0.054417
5 0.562583 0.303935 0.029354 0.040241
6 0.476172 0.369088 0.022896 0.029843
18 0.451648 0.440403 0.018328 0.039083
0 0.465924 0.227333 0.026057 0.034519
4 0.372370 0.270968 0.019646 0.025269
7 0.344458 0.473944 0.024792 0.035630
11 0.345206 0.329903 0.017703 0.028528
14 0.334297 0.396241 0.020927 0.034463
8 0.160987 0.620542 0.024620 0.050657
12 0.150424 0.445060 0.022286 0.036972
13 0.084148 0.428699 0.018234 0.035898
10 0.288341 0.315287 0.020609 0.024741
