20 0.896766 0.536306 0.027833 0.054426
5 0.562375 0.303898 0.029354 0.040241
6 0.476044 0.369051 0.022891 0.029843
18 0.451932 0.440366 0.018323 0.039083
0 0.465734 0.227222 0.026062 0.034519
4 0.372203 0.270968 0.019646 0.025269
7 0.344312 0.473944 0.024792 0.035630
11 0.345141 0.329829 0.017708 0.028528
14 0.334172 0.396130 0.020927 0.034463
8 0.160799 0.620394 0.024620 0.050657
12 0.150362 0.445060 0.022286 0.036972
13 0.084003 0.428741 0.018234 0.035889
10 0.288263 0.315231 0.020609 0.024741
