20 0.844719 0.482917 0.027833 0.054426
5 0.510010 0.261917 0.029354 0.040241
6 0.424357 0.327069 0.022891 0.029843
18 0.407990 0.394676 0.018323 0.039074
0 0.409648 0.181278 0.026057 0.034519
4 0.323328 0.229093 0.019646 0.025278
7 0.286667 0.435815 0.024792 0.035630
11 0.286490 0.287736 0.017708 0.028528
14 0.278276 0.359907 0.020927 0.034463
8 0.102609 0.587046 0.024625 0.050667
12 0.090451 0.414403 0.022286 0.036972
13 0.022995 0.398944 0.018229 0.035889
10 0.226794 0.274866 0.020609 0.024750
