20 0.894346 0.539745 0.027828 0.054417
5 0.557536 0.303042 0.029354 0.040250
6 0.473143 0.368194 0.022891 0.029833
18 0.458461 0.439542 0.018328 0.039083
0 0.461380 0.224648 0.026062 0.034519
4 0.368333 0.270968 0.019646 0.025269
7 0.340927 0.473944 0.024792 0.035630
11 0.343690 0.328106 0.017703 0.028528
14 0.331271 0.393551 0.020927 0.034472
8 0.156445 0.616954 0.024620 0.050667
12 0.148914 0.445060 0.022286 0.036972
13 0.080617 0.429597 0.018234 0.035898
10 0.278826 0.311847 0.020609 0.024750
