20 0.881690 0.525088 0.027828 0.054417
5 0.545172 0.294144 0.029354 0.040250
6 0.459602 0.358773 0.022891 0.029843
18 0.445799 0.428023 0.018328 0.039083
0 0.447544 0.214176 0.026057 0.034519
4 0.357437 0.261546 0.019646 0.025278
7 0.325323 0.466620 0.024792 0.035630
11 0.328380 0.318162 0.017708 0.028528
14 0.317138 0.385704 0.020922 0.034463
8 0.141724 0.611194 0.024625 0.050667
12 0.132424 0.438773 0.022286 0.036972
13 0.065307 0.422796 0.018229 0.035889
10 0.273409 0.310111 0.020609 0.024741
