20 0.897081 0.535856 0.027828 0.054417
5 0.563005 0.304014 0.029354 0.040250
6 0.476424 0.369162 0.022891 0.029843
18 0.451081 0.440477 0.018328 0.039083
0 0.466302 0.227560 0.026063 0.034509
4 0.372706 0.270968 0.019641 0.025269
7 0.344750 0.473944 0.024792 0.035630
11 0.345331 0.330051 0.017703 0.028528
14 0.334549 0.396468 0.020922 0.034472
8 0.161367 0.620843 0.024620 0.050667
12 0.150555 0.445060 0.022286 0.036972
13 0.084443 0.428625 0.018229 0.035898
10 0.288497 0.315398 0.020609 0.024741
