20 0.869029 0.510435 0.027828 0.054426
5 0.532807 0.285245 0.029354 0.040250
6 0.446060 0.349352 0.022891 0.029833
18 0.433141 0.416509 0.018323 0.039074
0 0.433706 0.203704 0.026057 0.034519
4 0.346547 0.252130 0.019646 0.025278
7 0.309719 0.459296 0.024792 0.035630
11 0.313070 0.308218 0.017703 0.028528
14 0.303005 0.377852 0.020927 0.034463
8 0.127003 0.605440 0.024620 0.050657
12 0.115940 0.432495 0.022286 0.036972
13 0.049997 0.415991 0.018234 0.035889
10 0.260794 0.301227 0.020609 0.024750
