20 0.854138 0.493384 0.027828 0.054417
5 0.518549 0.272907 0.029349 0.040241
6 0.431422 0.337014 0.022896 0.029843
18 0.418000 0.403051 0.018323 0.039083
0 0.418188 0.190694 0.026063 0.034519
4 0.333047 0.239565 0.019646 0.025278
7 0.293443 0.447852 0.024792 0.035630
11 0.295911 0.296106 0.017708 0.028528
14 0.287107 0.367759 0.020922 0.034463
8 0.110852 0.596463 0.024620 0.050667
12 0.098398 0.423301 0.022286 0.036972
13 0.032711 0.406792 0.018234 0.035898
10 0.240878 0.286120 0.020609 0.024741
