20 0.865411 0.506245 0.027833 0.054417
5 0.529276 0.282704 0.029354 0.040241
6 0.442190 0.346662 0.022891 0.029843
18 0.429523 0.413218 0.018328 0.039083
0 0.429753 0.200713 0.026057 0.034519
4 0.343432 0.249435 0.019646 0.025278
7 0.305260 0.457194 0.024792 0.035630
11 0.308695 0.305375 0.017703 0.028528
14 0.298969 0.375606 0.020927 0.034472
8 0.122799 0.603792 0.024620 0.050657
12 0.111227 0.430699 0.022286 0.036972
13 0.045622 0.414046 0.018234 0.035889
10 0.256367 0.297870 0.020609 0.024741
