20 0.878070 0.520903 0.027828 0.054417
5 0.541641 0.291602 0.029354 0.040241
6 0.455732 0.356079 0.022891 0.029843
18 0.442182 0.424736 0.018323 0.039083
0 0.443591 0.211185 0.026057 0.034519
4 0.354328 0.258852 0.019646 0.025278
7 0.320865 0.464528 0.024792 0.035630
11 0.324008 0.315319 0.017703 0.028528
14 0.313099 0.383454 0.020927 0.034463
8 0.137518 0.609551 0.024620 0.050657
12 0.127716 0.436981 0.022286 0.036963
13 0.060932 0.420852 0.018229 0.035889
10 0.271862 0.309620 0.020609 0.024741
