20 0.894872 0.538995 0.027828 0.054417
5 0.558589 0.303227 0.029354 0.040250
6 0.473773 0.368384 0.022891 0.029843
18 0.457042 0.439718 0.018323 0.039083
0 0.462328 0.225204 0.026063 0.034519
4 0.369172 0.270968 0.019646 0.025269
7 0.341661 0.473944 0.024792 0.035630
11 0.344005 0.328481 0.017708 0.028537
14 0.331901 0.394111 0.020927 0.034463
8 0.157393 0.617699 0.024620 0.050657
12 0.149227 0.445060 0.022286 0.036972
13 0.081352 0.429407 0.018234 0.035889
10 0.282695 0.313083 0.020609 0.024741
