20 0.897503 0.535255 0.027828 0.054417
5 0.563846 0.304162 0.029349 0.040250
6 0.476930 0.369315 0.022891 0.029833
18 0.449948 0.440620 0.018323 0.039074
0 0.467060 0.228009 0.026057 0.034519
4 0.373380 0.270968 0.019646 0.025269
7 0.345339 0.473944 0.024792 0.035630
11 0.345581 0.330347 0.017703 0.028528
14 0.335055 0.396917 0.020922 0.034463
8 0.162122 0.621440 0.024620 0.050657
12 0.150805 0.445060 0.022286 0.036972
13 0.085034 0.428472 0.018234 0.035889
10 0.288805 0.315616 0.020609 0.024750
