20 0.896346 0.536903 0.027828 0.054417
5 0.561531 0.303750 0.029354 0.040241
6 0.475539 0.368903 0.022891 0.029843
18 0.453068 0.440227 0.018323 0.039083
0 0.464977 0.226778 0.026057 0.034519
4 0.371526 0.270968 0.019646 0.025269
7 0.343724 0.473944 0.024792 0.035630
11 0.344888 0.329532 0.017703 0.028528
14 0.333667 0.395685 0.020927 0.034463
8 0.160039 0.619796 0.024620 0.050667
12 0.150112 0.445060 0.022286 0.036972
13 0.083414 0.428889 0.018234 0.035889
10 0.287956 0.315009 0.020609 0.024741
