20 0.837990 0.475440 0.027833 0.054417
5 0.503911 0.254065 0.029354 0.040241
6 0.419310 0.319968 0.022891 0.029843
18 0.400841 0.388694 0.018328 0.039074
0 0.403549 0.174546 0.026057 0.034519
4 0.316391 0.221620 0.019646 0.025278
7 0.281833 0.427213 0.024792 0.035630
11 0.279760 0.281755 0.017708 0.028528
14 0.271966 0.354296 0.020922 0.034463
8 0.096721 0.580315 0.024620 0.050667
12 0.084773 0.408042 0.022286 0.036972
13 0.016055 0.393333 0.018234 0.035889
10 0.222768 0.268954 0.020609 0.024741
