20 0.852794 0.491889 0.027828 0.054426
5 0.517328 0.271338 0.029354 0.040250
6 0.430414 0.335597 0.022891 0.029843
18 0.416570 0.401856 0.018328 0.039083
0 0.416966 0.189352 0.026057 0.034519
4 0.331656 0.238065 0.019646 0.025278
7 0.292474 0.446130 0.024792 0.035630
11 0.294565 0.294912 0.017703 0.028528
14 0.285846 0.366634 0.020922 0.034472
8 0.109674 0.595120 0.024620 0.050667
12 0.097263 0.422028 0.022286 0.036963
13 0.031323 0.405667 0.018229 0.035889
10 0.238664 0.284444 0.020609 0.024741
