20 0.863602 0.504153 0.027828 0.054417
5 0.527508 0.281431 0.029349 0.040250
6 0.440253 0.345310 0.022891 0.029843
18 0.427716 0.411574 0.018328 0.039074
0 0.427776 0.199222 0.026063 0.034519
4 0.341875 0.248088 0.019646 0.025269
7 0.303031 0.456148 0.024792 0.035630
11 0.306510 0.303958 0.017708 0.028528
14 0.296951 0.374481 0.020922 0.034463
8 0.120695 0.602972 0.024620 0.050667
12 0.108872 0.429801 0.022286 0.036972
13 0.043435 0.413074 0.018234 0.035889
10 0.254154 0.296190 0.020609 0.024750
