20 0.895083 0.538694 0.027833 0.054426
5 0.559010 0.303301 0.029354 0.040250
6 0.474026 0.368458 0.022896 0.029843
18 0.456474 0.439792 0.018323 0.039083
0 0.462706 0.225426 0.026057 0.034519
4 0.369510 0.270968 0.019646 0.025269
7 0.341953 0.473944 0.024792 0.035630
11 0.344133 0.328634 0.017703 0.028528
14 0.332154 0.394333 0.020922 0.034463
8 0.157768 0.618000 0.024620 0.050667
12 0.149352 0.445060 0.022286 0.036972
13 0.081646 0.429333 0.018229 0.035889
10 0.284242 0.313579 0.020609 0.024750
