20 0.872646 0.514620 0.027833 0.054426
5 0.536339 0.287787 0.029354 0.040241
6 0.449927 0.352042 0.022896 0.029843
18 0.436758 0.419801 0.018328 0.039083
0 0.437659 0.206694 0.026057 0.034519
4 0.349656 0.254815 0.019646 0.025278
7 0.314177 0.461389 0.024792 0.035630
11 0.317445 0.311060 0.017703 0.028528
14 0.307044 0.380093 0.020922 0.034463
8 0.131211 0.607083 0.024620 0.050667
12 0.120648 0.434292 0.022286 0.036972
13 0.054372 0.417935 0.018234 0.035889
10 0.265221 0.304583 0.020609 0.024741
