20 0.858177 0.497870 0.027833 0.054426
5 0.522208 0.277620 0.029354 0.040241
6 0.434451 0.341273 0.022891 0.029843
18 0.422289 0.406639 0.018328 0.039074
0 0.421846 0.194731 0.026057 0.034519
4 0.337208 0.244046 0.019646 0.025278
7 0.296344 0.453009 0.024792 0.035630
11 0.299951 0.299699 0.017703 0.028528
14 0.290893 0.371120 0.020922 0.034463
8 0.114388 0.600505 0.024620 0.050657
12 0.101805 0.427111 0.022286 0.036963
13 0.036875 0.410157 0.018229 0.035889
10 0.247516 0.291157 0.020604 0.024741
