20 0.897185 0.535704 0.027828 0.054426
5 0.563214 0.304051 0.029354 0.040250
6 0.476549 0.369199 0.022891 0.029843
18 0.450799 0.440514 0.018328 0.039083
0 0.466492 0.227676 0.026057 0.034519
4 0.372875 0.270968 0.019646 0.025269
7 0.344901 0.473944 0.024792 0.035630
11 0.345393 0.330125 0.017703 0.028528
14 0.334677 0.396579 0.020927 0.034472
8 0.161555 0.620991 0.024620 0.050667
12 0.150617 0.445060 0.022286 0.036972
13 0.084591 0.428588 0.018234 0.035898
10 0.288576 0.315449 0.020609 0.024750
