20 0.867221 0.508338 0.027828 0.054417
5 0.531042 0.283972 0.029354 0.040241
6 0.444122 0.348005 0.022891 0.029843
18 0.431331 0.414866 0.018328 0.039083
0 0.431729 0.202213 0.026063 0.034519
4 0.344990 0.250778 0.019646 0.025278
7 0.307490 0.458250 0.024792 0.035630
11 0.310883 0.306801 0.017703 0.028528
14 0.300987 0.376731 0.020922 0.034463
8 0.124901 0.604616 0.024625 0.050657
12 0.113581 0.431597 0.022286 0.036972
13 0.047810 0.415019 0.018234 0.035889
10 0.258581 0.299546 0.020609 0.024741
