20 0.874456 0.516713 0.027828 0.054426
5 0.538107 0.289056 0.029349 0.040241
6 0.451862 0.353389 0.022891 0.029833
18 0.438565 0.421444 0.018328 0.039074
0 0.439638 0.208194 0.026057 0.034519
4 0.351214 0.256167 0.019646 0.025278
7 0.316406 0.462435 0.024792 0.035630
11 0.319633 0.312481 0.017703 0.028537
14 0.309062 0.381213 0.020927 0.034463
8 0.133313 0.607907 0.024625 0.050667
12 0.123003 0.435190 0.022286 0.036972
13 0.056560 0.418907 0.018234 0.035889
10 0.267435 0.306259 0.020609 0.024741
