20 0.894453 0.539593 0.027833 0.054426
5 0.557747 0.303079 0.029349 0.040250
6 0.473268 0.368231 0.022891 0.029833
18 0.458177 0.439574 0.018323 0.039074
0 0.461570 0.224759 0.026057 0.034519
4 0.368500 0.270968 0.019646 0.025269
7 0.341073 0.473944 0.024792 0.035630
11 0.343753 0.328181 0.017703 0.028528
14 0.331396 0.393667 0.020927 0.034463
8 0.156633 0.617102 0.024620 0.050667
12 0.148977 0.445060 0.022286 0.036972
13 0.080763 0.429556 0.018234 0.035889
10 0.279596 0.312093 0.020609 0.024741
