20 0.885305 0.529278 0.027828 0.054426
5 0.548703 0.296685 0.029354 0.040241
6 0.463471 0.361468 0.022891 0.029843
18 0.449417 0.431315 0.018323 0.039074
0 0.451497 0.217167 0.026057 0.034519
4 0.360552 0.264241 0.019646 0.025278
7 0.329781 0.468713 0.024792 0.035630
11 0.332753 0.321005 0.017703 0.028528
14 0.321174 0.387944 0.020922 0.034463
8 0.145930 0.612843 0.024620 0.050667
12 0.137138 0.440569 0.022286 0.036972
13 0.069680 0.424736 0.018234 0.035898
10 0.274956 0.310611 0.020609 0.024741
