20 0.861794 0.502060 0.027828 0.054417
5 0.525740 0.280162 0.029354 0.040250
6 0.438320 0.343968 0.022891 0.029843
18 0.425906 0.409931 0.018323 0.039083
0 0.425799 0.197722 0.026057 0.034519
4 0.340323 0.246741 0.019646 0.025278
7 0.300802 0.455102 0.024792 0.035630
11 0.304323 0.302537 0.017708 0.028537
14 0.294930 0.373361 0.020922 0.034463
8 0.118591 0.602148 0.024620 0.050667
12 0.106518 0.428903 0.022286 0.036972
13 0.041250 0.412102 0.018229 0.035889
10 0.251940 0.294509 0.020609 0.024741
