20 0.840680 0.478431 0.027828 0.054417
5 0.506354 0.257204 0.029354 0.040241
6 0.421326 0.322810 0.022891 0.029843
18 0.403701 0.391088 0.018328 0.039083
0 0.405990 0.177241 0.026062 0.034519
4 0.319167 0.224611 0.019646 0.025278
7 0.283766 0.430657 0.024792 0.035630
11 0.282451 0.284144 0.017703 0.028528
14 0.274490 0.356537 0.020927 0.034463
8 0.099076 0.583009 0.024620 0.050667
12 0.087044 0.410588 0.022286 0.036972
13 0.018831 0.395574 0.018234 0.035889
10 0.224378 0.271315 0.020609 0.024741
