20 0.851448 0.490394 0.027833 0.054417
5 0.516109 0.269769 0.029354 0.040241
6 0.429404 0.334171 0.022891 0.029843
18 0.415141 0.400657 0.018323 0.039074
0 0.415747 0.188009 0.026057 0.034519
4 0.330271 0.236574 0.019646 0.025278
7 0.291505 0.444417 0.024792 0.035630
11 0.293221 0.293718 0.017703 0.028528
14 0.284583 0.365509 0.020927 0.034463
8 0.108497 0.593773 0.024620 0.050657
12 0.096128 0.420755 0.022286 0.036972
13 0.029935 0.404546 0.018234 0.035889
10 0.236451 0.282764 0.020609 0.024750
