20 0.835297 0.472449 0.027833 0.054417
5 0.501474 0.250926 0.029354 0.040241
6 0.417289 0.317125 0.022891 0.029843
18 0.397979 0.386301 0.018323 0.039083
0 0.401112 0.171852 0.026057 0.034519
4 0.313615 0.218630 0.019646 0.025278
7 0.279896 0.423778 0.024792 0.035630
11 0.277070 0.279356 0.017703 0.028528
14 0.269443 0.352056 0.020927 0.034463
8 0.094367 0.577620 0.024620 0.050667
12 0.082503 0.405505 0.022286 0.036972
13 0.013279 0.391093 0.018234 0.035889
10 0.221159 0.266583 0.020609 0.024741
