20 0.843372 0.481421 0.027828 0.054417
5 0.508792 0.260347 0.029354 0.040250
6 0.423346 0.325648 0.022891 0.029833
18 0.406560 0.393477 0.018328 0.039083
0 0.408430 0.179926 0.026057 0.034519
4 0.321943 0.227602 0.019646 0.025278
7 0.285703 0.434093 0.024792 0.035630
11 0.285143 0.286532 0.017703 0.028528
14 0.277013 0.358787 0.020922 0.034463
8 0.101432 0.585699 0.024625 0.050657
12 0.089315 0.413130 0.022286 0.036963
13 0.021607 0.397819 0.018234 0.035898
10 0.225987 0.273685 0.020609 0.024741
