20 0.895609 0.537949 0.027833 0.054417
5 0.560063 0.303491 0.029354 0.040241
6 0.474659 0.368644 0.022891 0.029843
18 0.455055 0.439972 0.018328 0.039074
0 0.463651 0.225991 0.026062 0.034519
4 0.370349 0.270968 0.019646 0.025269
7 0.342693 0.473944 0.024792 0.035630
11 0.344445 0.329005 0.017703 0.028528
14 0.332784 0.394898 0.020922 0.034463
8 0.158716 0.618750 0.024620 0.050667
12 0.149669 0.445060 0.022286 0.036972
13 0.082383 0.429148 0.018234 0.035889
10 0.287414 0.314625 0.020609 0.024750
