20 0.895190 0.538546 0.027828 0.054426
5 0.559219 0.303338 0.029354 0.040250
6 0.474154 0.368495 0.022891 0.029843
18 0.456190 0.439829 0.018328 0.039083
0 0.462896 0.225537 0.026062 0.034519
4 0.369677 0.270968 0.019646 0.025269
7 0.342104 0.473944 0.024792 0.035630
11 0.344195 0.328708 0.017703 0.028528
14 0.332279 0.394449 0.020922 0.034472
8 0.157961 0.618148 0.024620 0.050667
12 0.149419 0.445060 0.022286 0.036972
13 0.081794 0.429296 0.018234 0.035889
10 0.285016 0.313824 0.020604 0.024741
