20 0.896135 0.537199 0.027833 0.054417
5 0.561115 0.303676 0.029354 0.040241
6 0.475289 0.368829 0.022891 0.029843
18 0.453635 0.440153 0.018323 0.039083
0 0.464599 0.226551 0.026062 0.034509
4 0.371193 0.270968 0.019646 0.025269
7 0.343427 0.473944 0.024792 0.035630
11 0.344763 0.329375 0.017703 0.028528
14 0.333414 0.395458 0.020922 0.034472
8 0.159664 0.619495 0.024620 0.050657
12 0.149987 0.445060 0.022286 0.036972
13 0.083117 0.428963 0.018234 0.035889
10 0.287799 0.314898 0.020609 0.024741
