20 0.850102 0.488898 0.027828 0.054426
5 0.514891 0.268194 0.029354 0.040241
6 0.428393 0.332755 0.022891 0.029843
18 0.413711 0.399463 0.018328 0.039074
0 0.414529 0.186657 0.026057 0.034519
4 0.328880 0.235074 0.019646 0.025278
7 0.290536 0.442694 0.024792 0.035630
11 0.291872 0.292514 0.017703 0.028528
14 0.283323 0.364389 0.020927 0.034463
8 0.107320 0.592426 0.024620 0.050667
12 0.094992 0.419486 0.022286 0.036972
13 0.028547 0.403426 0.018229 0.035889
10 0.234237 0.281083 0.020609 0.024741
