20 0.896977 0.536005 0.027828 0.054417
5 0.562797 0.303977 0.029354 0.040250
6 0.476299 0.369125 0.022891 0.029843
18 0.451365 0.440440 0.018323 0.039083
0 0.466112 0.227444 0.026057 0.034519
4 0.372536 0.270968 0.019646 0.025269
7 0.344604 0.473944 0.024792 0.035630
11 0.345268 0.329977 0.017703 0.028528
14 0.334424 0.396352 0.020922 0.034463
8 0.161177 0.620690 0.024625 0.050657
12 0.150487 0.445060 0.022286 0.036972
13 0.084297 0.428662 0.018229 0.035898
10 0.288419 0.315343 0.020609 0.024741
