20 0.870836 0.512528 0.027828 0.054426
5 0.534573 0.286519 0.029354 0.040241
6 0.447992 0.350699 0.022891 0.029843
18 0.434948 0.418153 0.018323 0.039083
0 0.435682 0.205204 0.026062 0.034519
4 0.348104 0.253472 0.019646 0.025278
7 0.311948 0.460343 0.024792 0.035630
11 0.315258 0.309644 0.017703 0.028528
14 0.305026 0.378972 0.020927 0.034463
8 0.129107 0.606259 0.024620 0.050667
12 0.118294 0.433394 0.022286 0.036972
13 0.052185 0.416963 0.018234 0.035889
10 0.263008 0.302903 0.020609 0.024750
