20 0.895924 0.537500 0.027828 0.054426
5 0.560693 0.303602 0.029354 0.040241
6 0.475036 0.368755 0.022896 0.029843
18 0.454203 0.440079 0.018323 0.039083
0 0.464219 0.226324 0.026063 0.034519
4 0.370854 0.270968 0.019646 0.025269
7 0.343130 0.473944 0.024792 0.035630
11 0.344638 0.329227 0.017703 0.028528
14 0.333161 0.395231 0.020927 0.034463
8 0.159284 0.619194 0.024620 0.050667
12 0.149857 0.445060 0.022286 0.036972
13 0.082826 0.429037 0.018234 0.035889
10 0.287646 0.314787 0.020604 0.024741
