20 0.859987 0.499963 0.027828 0.054426
5 0.523974 0.278889 0.029354 0.040241
6 0.436385 0.342625 0.022896 0.029843
18 0.424099 0.408282 0.018323 0.039083
0 0.423823 0.196231 0.026062 0.034519
4 0.338766 0.245398 0.019646 0.025278
7 0.298573 0.454056 0.024792 0.035630
11 0.302138 0.301116 0.017703 0.028528
14 0.292911 0.372241 0.020927 0.034463
8 0.116490 0.601324 0.024625 0.050667
12 0.104164 0.428009 0.022286 0.036963
13 0.039062 0.411130 0.018229 0.035889
10 0.249727 0.292833 0.020609 0.024741
