20 0.887112 0.531370 0.027828 0.054426
5 0.550471 0.297954 0.029349 0.040241
6 0.465404 0.362810 0.022891 0.029843
18 0.451227 0.432958 0.018328 0.039083
0 0.453474 0.218662 0.026063 0.034509
4 0.362109 0.265583 0.019646 0.025278
7 0.332010 0.469759 0.024792 0.035630
11 0.334940 0.322426 0.017703 0.028537
14 0.323195 0.389065 0.020922 0.034463
8 0.148034 0.613662 0.024620 0.050657
12 0.139492 0.441468 0.022286 0.036972
13 0.071867 0.425708 0.018234 0.035898
10 0.275729 0.310856 0.020604 0.024750
