20 0.897292 0.535556 0.027833 0.054426
5 0.563427 0.304088 0.029354 0.040250
6 0.476674 0.369241 0.022891 0.029833
18 0.450516 0.440551 0.018323 0.039083
0 0.466680 0.227787 0.026057 0.034519
4 0.373042 0.270968 0.019646 0.025269
7 0.345047 0.473944 0.024792 0.035630
11 0.345456 0.330199 0.017703 0.028528
14 0.334802 0.396694 0.020927 0.034463
8 0.161745 0.621139 0.024625 0.050667
12 0.150680 0.445060 0.022286 0.036972
13 0.084737 0.428546 0.018234 0.035889
10 0.288654 0.315505 0.020609 0.024750
