20 0.892539 0.537648 0.027828 0.054426
5 0.555771 0.301769 0.029354 0.040241
6 0.471208 0.366847 0.022896 0.029843
18 0.456651 0.437894 0.018323 0.039083
0 0.459404 0.223148 0.026057 0.034519
4 0.366776 0.269620 0.019646 0.025278
7 0.338698 0.472898 0.024792 0.035630
11 0.341503 0.326690 0.017703 0.028528
14 0.329250 0.392431 0.020927 0.034472
8 0.154341 0.616130 0.024620 0.050667
12 0.146555 0.444162 0.022286 0.036972
13 0.078430 0.428625 0.018234 0.035898
10 0.278049 0.311597 0.020609 0.024750
