20 0.894768 0.539144 0.027828 0.054417
5 0.558380 0.303190 0.029354 0.040250
6 0.473648 0.368347 0.022891 0.029843
18 0.457326 0.439681 0.018328 0.039083
0 0.462138 0.225093 0.026057 0.034519
4 0.369005 0.270968 0.019646 0.025269
7 0.341516 0.473944 0.024792 0.035630
11 0.343943 0.328407 0.017708 0.028537
14 0.331773 0.394000 0.020922 0.034463
8 0.157201 0.617551 0.024620 0.050657
12 0.149164 0.445060 0.022286 0.036972
13 0.081206 0.429444 0.018234 0.035889
10 0.281919 0.312838 0.020609 0.024750
