20 0.896451 0.536750 0.027828 0.054426
5 0.561745 0.303787 0.029354 0.040241
6 0.475667 0.368940 0.022896 0.029843
18 0.452784 0.440259 0.018328 0.039074
0 0.465167 0.226889 0.026062 0.034519
4 0.371698 0.270968 0.019646 0.025269
7 0.343870 0.473944 0.024792 0.035630
11 0.344951 0.329606 0.017703 0.028528
14 0.333794 0.395796 0.020922 0.034463
8 0.160232 0.619944 0.024620 0.050667
12 0.150174 0.445060 0.022286 0.036972
13 0.083560 0.428852 0.018234 0.035889
10 0.288034 0.315065 0.020609 0.024741
