20 0.883497 0.527181 0.027828 0.054417
5 0.546937 0.295412 0.029354 0.040250
6 0.461534 0.360116 0.022891 0.029843
18 0.447609 0.429671 0.018323 0.039083
0 0.449521 0.215671 0.026063 0.034509
4 0.358995 0.262889 0.019646 0.025278
7 0.327552 0.467667 0.024792 0.035630
11 0.330568 0.319588 0.017708 0.028528
14 0.319156 0.386824 0.020927 0.034463
8 0.143826 0.612019 0.024620 0.050667
12 0.134779 0.439671 0.022286 0.036972
13 0.067492 0.423769 0.018234 0.035889
10 0.274180 0.310361 0.020609 0.024741
