20 0.896659 0.536454 0.027828 0.054426
5 0.562164 0.303861 0.029349 0.040241
6 0.475919 0.369014 0.022891 0.029843
18 0.452216 0.440329 0.018328 0.039083
0 0.465544 0.227111 0.026057 0.034519
4 0.372031 0.270968 0.019646 0.025269
7 0.344161 0.473944 0.024792 0.035630
11 0.345078 0.329755 0.017708 0.028528
14 0.334047 0.396019 0.020927 0.034463
8 0.160607 0.620241 0.024620 0.050667
12 0.150299 0.445060 0.022286 0.036972
13 0.083854 0.428778 0.018229 0.035889
10 0.288187 0.315176 0.020604 0.024741
