20 0.836643 0.473944 0.027828 0.054426
5 0.502693 0.252495 0.029354 0.040250
6 0.418299 0.318542 0.022891 0.029843
18 0.399409 0.387495 0.018328 0.039083
0 0.402331 0.173204 0.026057 0.034519
4 0.315000 0.220120 0.019646 0.025278
7 0.280865 0.425500 0.024792 0.035630
11 0.278414 0.280551 0.017703 0.028528
14 0.270706 0.353176 0.020922 0.034463
8 0.095544 0.578968 0.024620 0.050657
12 0.083638 0.406773 0.022286 0.036972
13 0.014669 0.392213 0.018234 0.035889
10 0.221964 0.267769 0.020604 0.024741
