20 0.833951 0.470954 0.027828 0.054426
5 0.500255 0.249356 0.029354 0.040250
6 0.416279 0.315704 0.022891 0.029833
18 0.396549 0.385106 0.018328 0.039083
0 0.399891 0.170509 0.026062 0.034519
4 0.312224 0.217130 0.019646 0.025278
7 0.278932 0.422056 0.024792 0.035630
11 0.275721 0.278162 0.017703 0.028528
14 0.268182 0.350935 0.020927 0.034463
8 0.093190 0.576278 0.024620 0.050667
12 0.081367 0.404231 0.022286 0.036963
13 0.011893 0.389968 0.018234 0.035898
10 0.220354 0.265403 0.020604 0.024750
