20 0.896029 0.537352 0.027828 0.054426
5 0.560901 0.303639 0.029354 0.040241
6 0.475164 0.368792 0.022891 0.029843
18 0.453919 0.440116 0.018328 0.039083
0 0.464409 0.226435 0.026057 0.034519
4 0.371026 0.270968 0.019646 0.025269
7 0.343281 0.473944 0.024792 0.035630
11 0.344701 0.329301 0.017703 0.028528
14 0.333289 0.395343 0.020922 0.034463
8 0.159471 0.619347 0.024620 0.050657
12 0.149919 0.445060 0.022286 0.036972
13 0.082971 0.429000 0.018234 0.035889
10 0.287724 0.314843 0.020604 0.024741
