20 0.848758 0.487403 0.027828 0.054417
5 0.513672 0.266630 0.029354 0.040241
6 0.427383 0.331329 0.022891 0.029843
18 0.412279 0.398264 0.018328 0.039083
0 0.413307 0.185315 0.026063 0.034519
4 0.327495 0.233583 0.019646 0.025278
7 0.289573 0.440972 0.024792 0.035630
11 0.290529 0.291319 0.017703 0.028528
14 0.282060 0.363269 0.020922 0.034463
8 0.106143 0.591083 0.024620 0.050667
12 0.093857 0.418213 0.022286 0.036963
13 0.027159 0.402306 0.018234 0.035889
10 0.232023 0.279407 0.020609 0.024741
