20 0.896555 0.536602 0.027828 0.054426
5 0.561953 0.303824 0.029354 0.040241
6 0.475794 0.368977 0.022891 0.029843
18 0.452500 0.440296 0.018323 0.039074
0 0.465354 0.227000 0.026062 0.034519
4 0.371865 0.270968 0.019646 0.025269
7 0.344016 0.473944 0.024792 0.035630
11 0.345013 0.329681 0.017703 0.028528
14 0.333919 0.395907 0.020922 0.034463
8 0.160419 0.620093 0.024620 0.050667
12 0.150237 0.445060 0.022286 0.036972
13 0.083706 0.428815 0.018234 0.035889
10 0.288112 0.315120 0.020609 0.024741
