20 0.890732 0.535556 0.027828 0.054426
5 0.554005 0.300500 0.029354 0.040241
6 0.469273 0.365505 0.022891 0.029843
18 0.454844 0.436250 0.018323 0.039074
0 0.457427 0.221653 0.026062 0.034509
4 0.365219 0.268278 0.019646 0.025278
7 0.336469 0.471852 0.024792 0.035630
11 0.339315 0.325264 0.017703 0.028528
14 0.327232 0.391306 0.020922 0.034463
8 0.152240 0.615306 0.024625 0.050667
12 0.144201 0.443264 0.022286 0.036972
13 0.076242 0.427653 0.018234 0.035898
10 0.277279 0.311352 0.020609 0.024741
