20 0.897398 0.535407 0.027828 0.054426
5 0.563635 0.304125 0.029354 0.040250
6 0.476805 0.369278 0.022891 0.029833
18 0.450232 0.440583 0.018328 0.039074
0 0.466870 0.227898 0.026062 0.034519
4 0.373208 0.270968 0.019646 0.025269
7 0.345193 0.473944 0.024792 0.035630
11 0.345518 0.330273 0.017703 0.028528
14 0.334930 0.396806 0.020922 0.034463
8 0.161935 0.621287 0.024620 0.050667
12 0.150742 0.445060 0.022286 0.036972
13 0.084885 0.428509 0.018229 0.035889
10 0.288729 0.315560 0.020604 0.024750
