20 0.704867 0.423162 0.027828 0.054417
5 0.422964 0.233417 0.029354 0.040241
6 0.351047 0.291718 0.022896 0.029843
18 0.335279 0.354194 0.018328 0.039074
0 0.336919 0.165588 0.026057 0.034509
4 0.258802 0.209694 0.019646 0.025278
7 0.231130 0.395343 0.024792 0.035630
11 0.231794 0.260014 0.017703 0.028528
14 0.221854 0.327963 0.020927 0.034463
8 0.068826 0.533838 0.024620 0.050657
12 0.053289 0.379134 0.022286 0.036972
17 0.867297 0.555306 0.028948 0.052333
16 0.876370 0.450088 0.023219 0.052343
15 0.880583 0.366583 0.028229 0.048315
1 0.891273 0.240296 0.021891 0.046907
10 0.188346 0.262843 0.020609 0.024741
