20 0.782638 0.488898 0.027828 0.054426
5 0.487599 0.290972 0.029354 0.040241
6 0.410951 0.352542 0.022891 0.029843
18 0.402443 0.408931 0.018323 0.039083
0 0.395203 0.220324 0.026062 0.034519
4 0.319599 0.263657 0.019646 0.025278
7 0.289932 0.448694 0.024792 0.035630
11 0.291034 0.317375 0.017703 0.028528
14 0.280799 0.383083 0.020922 0.034463
8 0.124648 0.586148 0.024620 0.050667
12 0.113076 0.431894 0.022286 0.036972
13 0.051344 0.418231 0.018229 0.035889
17 0.949729 0.643509 0.026948 0.053074
16 0.958615 0.529880 0.024313 0.055778
15 0.964487 0.444625 0.023234 0.054157
1 0.971427 0.305176 0.021396 0.049352
10 0.237518 0.306259 0.020609 0.024741
