20 0.856495 0.533759 0.027833 0.054426
5 0.542469 0.314745 0.029354 0.040250
6 0.459138 0.375218 0.022891 0.029843
18 0.437745 0.442171 0.018323 0.039083
0 0.447081 0.238852 0.026057 0.034519
4 0.366648 0.285176 0.019641 0.025278
7 0.327448 0.477389 0.024792 0.035630
11 0.335534 0.341111 0.017703 0.028537
14 0.324065 0.403824 0.020922 0.034463
8 0.162297 0.617407 0.024625 0.050667
12 0.150815 0.455718 0.022286 0.036972
13 0.086247 0.435315 0.018234 0.035889
10 0.282044 0.330968 0.020609 0.024750
