20 0.852120 0.533162 0.027833 0.054417
5 0.539763 0.315394 0.029349 0.040250
6 0.456721 0.375606 0.022891 0.029843
18 0.437177 0.442241 0.018323 0.039074
0 0.444388 0.239000 0.026057 0.034519
4 0.364464 0.286222 0.019646 0.025278
7 0.326271 0.477602 0.024792 0.035630
11 0.333633 0.341505 0.017703 0.028528
14 0.322310 0.403565 0.020922 0.034463
8 0.161128 0.617019 0.024620 0.050667
12 0.149424 0.455977 0.022286 0.036972
13 0.084784 0.435968 0.018234 0.035898
10 0.279534 0.330306 0.020609 0.024741
