20 0.863055 0.534657 0.027828 0.054426
5 0.546531 0.313769 0.029354 0.040241
6 0.462758 0.374634 0.022891 0.029843
18 0.438596 0.442060 0.018328 0.039083
0 0.451117 0.238630 0.026057 0.034519
4 0.369927 0.283602 0.019646 0.025278
7 0.329208 0.477074 0.024792 0.035630
11 0.338388 0.340523 0.017703 0.028528
14 0.326698 0.404213 0.020927 0.034463
8 0.164052 0.617991 0.024625 0.050667
12 0.152898 0.455329 0.022286 0.036972
13 0.088443 0.434343 0.018229 0.035889
10 0.284969 0.331134 0.020604 0.024750
