20 0.761148 0.470579 0.027828 0.054417
5 0.470846 0.276079 0.029349 0.040250
6 0.396753 0.339921 0.022891 0.029843
18 0.390372 0.396310 0.018328 0.039083
0 0.380154 0.208213 0.026057 0.034519
4 0.305398 0.251537 0.019641 0.025278
7 0.276870 0.436574 0.024792 0.035630
11 0.278966 0.305005 0.017703 0.028528
14 0.268286 0.373926 0.020927 0.034463
8 0.113461 0.572537 0.024620 0.050667
12 0.101008 0.422477 0.022286 0.036972
13 0.040154 0.407241 0.018234 0.035889
17 0.924940 0.619958 0.028943 0.052324
16 0.930641 0.501088 0.023802 0.054176
15 0.937008 0.419333 0.025568 0.051426
1 0.946401 0.285287 0.021396 0.049352
10 0.223542 0.294319 0.020604 0.024750
