20 0.699680 0.415347 0.027828 0.054417
5 0.418625 0.228144 0.029354 0.040250
6 0.344740 0.286273 0.022896 0.029843
18 0.332062 0.347417 0.018323 0.039074
0 0.330591 0.159963 0.026057 0.034519
4 0.252089 0.205009 0.019646 0.025278
7 0.224490 0.390806 0.024792 0.035630
11 0.225331 0.256481 0.017703 0.028537
14 0.215695 0.326574 0.020922 0.034463
8 0.063047 0.528833 0.024625 0.050667
12 0.048805 0.376097 0.022286 0.036972
17 0.860107 0.548417 0.028943 0.052333
16 0.869336 0.441741 0.023214 0.052333
15 0.873313 0.359981 0.028229 0.048315
1 0.883516 0.231958 0.022219 0.045287
10 0.177945 0.253486 0.020609 0.024750
