20 0.879768 0.537750 0.027828 0.054426
5 0.557354 0.311167 0.029354 0.040241
6 0.472414 0.373069 0.022891 0.029843
18 0.440867 0.441773 0.018328 0.039083
0 0.461102 0.238602 0.026057 0.034519
4 0.378706 0.279944 0.019641 0.025278
7 0.333901 0.476241 0.024792 0.035630
11 0.345995 0.338968 0.017708 0.028528
14 0.333719 0.405255 0.020927 0.034472
8 0.168732 0.619556 0.024620 0.050667
12 0.158456 0.454292 0.022286 0.036972
13 0.094294 0.431741 0.018234 0.035889
10 0.288310 0.327171 0.020609 0.024750
