20 0.699951 0.416708 0.027828 0.054417
5 0.418898 0.229060 0.029349 0.040250
6 0.345721 0.286912 0.022891 0.029843
18 0.332083 0.348278 0.018323 0.039074
0 0.331633 0.160731 0.026057 0.034519
4 0.252953 0.205509 0.019646 0.025278
7 0.225620 0.391606 0.024792 0.035620
11 0.226289 0.256421 0.017703 0.028528
14 0.216484 0.326194 0.020927 0.034463
8 0.063810 0.529380 0.024620 0.050667
12 0.049018 0.376245 0.022286 0.036972
17 0.861078 0.549361 0.028948 0.052333
16 0.870443 0.443519 0.023219 0.052333
15 0.874344 0.360856 0.028229 0.048306
1 0.884628 0.233505 0.022141 0.045694
10 0.180549 0.255824 0.020609 0.024741
