20 0.881169 0.538745 0.027828 0.054417
5 0.558708 0.310843 0.029354 0.040241
6 0.473620 0.372875 0.022896 0.029843
18 0.441151 0.441736 0.018323 0.039083
0 0.461661 0.239102 0.026062 0.034519
4 0.379828 0.279944 0.019646 0.025278
7 0.334490 0.476139 0.024792 0.035630
11 0.346945 0.338773 0.017703 0.028528
14 0.334599 0.405384 0.020927 0.034472
8 0.169320 0.619750 0.024620 0.050667
12 0.159154 0.454162 0.022286 0.036972
13 0.095026 0.431417 0.018229 0.035889
10 0.288729 0.326676 0.020604 0.024741
