20 0.898029 0.534509 0.027828 0.054426
5 0.564896 0.304352 0.029354 0.040241
6 0.477560 0.369505 0.022891 0.029843
18 0.448529 0.440801 0.018328 0.039083
0 0.468005 0.228574 0.026063 0.034519
4 0.374219 0.270968 0.019646 0.025269
7 0.346078 0.473944 0.024792 0.035630
11 0.345898 0.330727 0.017703 0.028528
14 0.335685 0.397477 0.020922 0.034472
8 0.163070 0.622185 0.024620 0.050667
12 0.151122 0.445060 0.022286 0.036972
13 0.085768 0.428287 0.018234 0.035889
10 0.289690 0.316880 0.020609 0.024741
