20 0.767289 0.475815 0.027828 0.054426
5 0.475633 0.280333 0.029349 0.040241
6 0.400810 0.343523 0.022891 0.029843
18 0.393820 0.399917 0.018328 0.039074
0 0.384453 0.211671 0.026062 0.034509
4 0.309453 0.255000 0.019646 0.025278
7 0.280604 0.440037 0.024792 0.035630
11 0.282414 0.308542 0.017703 0.028528
14 0.271862 0.376542 0.020922 0.034472
8 0.116659 0.576426 0.024620 0.050667
12 0.104456 0.425171 0.022286 0.036972
13 0.043352 0.410380 0.018234 0.035889
17 0.932021 0.626690 0.028375 0.052546
16 0.938635 0.509315 0.023948 0.054630
15 0.944857 0.426560 0.024901 0.052213
1 0.953552 0.290972 0.021396 0.049352
10 0.227534 0.297731 0.020609 0.024741
