20 0.893758 0.535556 0.027828 0.054426
5 0.564182 0.306333 0.029354 0.040241
6 0.477180 0.370588 0.022891 0.029843
18 0.445406 0.441199 0.018323 0.039083
0 0.466932 0.232269 0.026062 0.034519
4 0.376828 0.273657 0.019646 0.025278
7 0.343292 0.474574 0.024792 0.035630
11 0.346719 0.333338 0.017708 0.028528
14 0.336065 0.400278 0.020922 0.034463
8 0.165784 0.622037 0.024620 0.050667
12 0.153961 0.447745 0.022286 0.036972
13 0.089279 0.429000 0.018234 0.035889
10 0.291904 0.320213 0.020609 0.024741
