20 0.718013 0.434347 0.027828 0.054417
5 0.433510 0.240972 0.029354 0.040241
6 0.361122 0.302292 0.022891 0.029843
18 0.344724 0.366778 0.018323 0.039074
0 0.346526 0.175565 0.026063 0.034519
4 0.271151 0.219204 0.019646 0.025278
7 0.240901 0.401750 0.024792 0.035630
11 0.242552 0.271171 0.017708 0.028528
14 0.233224 0.335505 0.020927 0.034472
8 0.079440 0.542491 0.024620 0.050667
12 0.064971 0.388264 0.022286 0.036972
13 0.006055 0.378417 0.012109 0.035889
17 0.880135 0.567444 0.028948 0.052333
16 0.887521 0.459139 0.023219 0.052333
15 0.893089 0.378505 0.028229 0.048306
1 0.904536 0.251426 0.021646 0.048130
10 0.196148 0.269856 0.020609 0.024750
