20 0.735003 0.448736 0.027828 0.054417
5 0.447542 0.252162 0.029354 0.040250
6 0.374560 0.316486 0.022891 0.029843
18 0.359094 0.381528 0.018323 0.039074
0 0.359258 0.188537 0.026057 0.034519
4 0.286339 0.231731 0.019646 0.025278
7 0.254141 0.411972 0.024792 0.035630
11 0.256727 0.285310 0.017703 0.028528
14 0.247724 0.347269 0.020927 0.034463
8 0.093435 0.551431 0.024620 0.050657
12 0.080159 0.403204 0.022286 0.036963
13 0.018391 0.387741 0.018229 0.035889
17 0.896971 0.584630 0.028943 0.052333
16 0.902669 0.472301 0.023286 0.052565
15 0.909526 0.394042 0.027896 0.048694
1 0.921378 0.265398 0.021401 0.049352
10 0.206549 0.279213 0.020609 0.024741
