20 0.897818 0.534806 0.027833 0.054426
5 0.564479 0.304273 0.029354 0.040250
6 0.477307 0.369431 0.022896 0.029843
18 0.449096 0.440727 0.018328 0.039083
0 0.467628 0.228343 0.026057 0.034519
4 0.373885 0.270968 0.019646 0.025269
7 0.345781 0.473944 0.024792 0.035630
11 0.345773 0.330579 0.017703 0.028528
14 0.335432 0.397250 0.020927 0.034463
8 0.162690 0.621889 0.024620 0.050667
12 0.150992 0.445060 0.022286 0.036972
13 0.085474 0.428361 0.018229 0.035889
10 0.289286 0.316278 0.020604 0.024741
