20 0.843372 0.531968 0.027828 0.054417
5 0.534349 0.316694 0.029354 0.040241
6 0.451896 0.376384 0.022896 0.029843
18 0.436042 0.442384 0.018323 0.039083
0 0.439005 0.239306 0.026062 0.034519
4 0.360089 0.288315 0.019646 0.025278
7 0.323927 0.478019 0.024792 0.035630
11 0.329831 0.342282 0.017703 0.028528
14 0.318797 0.403046 0.020927 0.034463
8 0.158784 0.616236 0.024620 0.050657
12 0.146643 0.456500 0.022286 0.036963
13 0.081859 0.437269 0.018229 0.035889
10 0.274523 0.328986 0.020609 0.024750
