20 0.894557 0.535255 0.027833 0.054417
5 0.564479 0.306032 0.029354 0.040250
6 0.477352 0.370440 0.022891 0.029843
18 0.445690 0.441162 0.018328 0.039083
0 0.467268 0.231750 0.026057 0.034519
4 0.376531 0.273213 0.019646 0.025278
7 0.343880 0.474472 0.024792 0.035630
11 0.346633 0.332968 0.017703 0.028528
14 0.336107 0.399907 0.020922 0.034463
8 0.165487 0.622185 0.024620 0.050667
12 0.153539 0.447301 0.022286 0.036972
13 0.088818 0.428852 0.018229 0.035889
10 0.291701 0.319907 0.020609 0.024741
