20 0.820745 0.521426 0.027833 0.054426
5 0.518003 0.316500 0.029349 0.040241
6 0.436977 0.374551 0.022891 0.029843
18 0.424602 0.433931 0.018328 0.039083
0 0.423107 0.241093 0.026057 0.034519
4 0.345406 0.284426 0.019646 0.025278
7 0.313589 0.471704 0.024792 0.035630
11 0.313828 0.338949 0.017708 0.028528
14 0.304036 0.400093 0.020927 0.034463
8 0.145930 0.610597 0.024620 0.050657
12 0.135034 0.450662 0.022286 0.036972
13 0.071784 0.437444 0.018234 0.035889
17 0.990984 0.687245 0.018031 0.052324
10 0.261987 0.325685 0.020609 0.024741
