20 0.892961 0.535856 0.027828 0.054417
5 0.563888 0.306630 0.029349 0.040241
6 0.477013 0.370736 0.022891 0.029843
18 0.445122 0.441231 0.018328 0.039074
0 0.466596 0.232796 0.026057 0.034519
4 0.377120 0.274111 0.019646 0.025278
7 0.342703 0.474676 0.024792 0.035630
11 0.346805 0.333718 0.017703 0.028528
14 0.336023 0.400657 0.020922 0.034463
8 0.166076 0.621889 0.024620 0.050667
12 0.154378 0.448199 0.022286 0.036972
13 0.089742 0.429148 0.018234 0.035889
10 0.292102 0.320514 0.020609 0.024750
