20 0.897922 0.534657 0.027833 0.054426
5 0.564688 0.304310 0.029354 0.040250
6 0.477435 0.369468 0.022891 0.029843
18 0.448813 0.440764 0.018323 0.039083
0 0.467815 0.228454 0.026057 0.034519
4 0.374052 0.270968 0.019646 0.025269
7 0.345927 0.473944 0.024792 0.035630
11 0.345836 0.330653 0.017703 0.028528
14 0.335560 0.397361 0.020922 0.034463
8 0.162880 0.622037 0.024625 0.050667
12 0.151057 0.445060 0.022292 0.036972
13 0.085622 0.428324 0.018234 0.035889
10 0.289487 0.316579 0.020609 0.024750
