20 0.845560 0.532269 0.027828 0.054426
5 0.535703 0.316370 0.029354 0.040241
6 0.453102 0.376190 0.022891 0.029843
18 0.436326 0.442347 0.018328 0.039083
0 0.440352 0.239227 0.026057 0.034509
4 0.361182 0.287787 0.019646 0.025278
7 0.324510 0.477912 0.024792 0.035620
11 0.330779 0.342088 0.017703 0.028528
14 0.319677 0.403176 0.020927 0.034463
8 0.159372 0.616431 0.024620 0.050657
12 0.147341 0.456370 0.022286 0.036963
13 0.082591 0.436944 0.018234 0.035889
10 0.275773 0.329315 0.020609 0.024741
