20 0.754232 0.464759 0.027828 0.054426
5 0.464969 0.270319 0.029354 0.040250
6 0.391365 0.334514 0.022896 0.029843
18 0.383724 0.392347 0.018323 0.039083
0 0.374878 0.203491 0.026057 0.034519
4 0.300531 0.246796 0.019646 0.025278
7 0.271526 0.431037 0.024792 0.035630
11 0.273826 0.300255 0.017703 0.028528
14 0.263370 0.368389 0.020927 0.034463
8 0.108792 0.567398 0.024625 0.050667
12 0.096096 0.418144 0.022286 0.036972
13 0.035195 0.402685 0.018234 0.035889
17 0.916948 0.609861 0.028948 0.052333
16 0.922651 0.492866 0.023656 0.053713
15 0.929154 0.412106 0.026234 0.050657
1 0.939253 0.279606 0.021401 0.049343
10 0.219549 0.290907 0.020609 0.024741
