20 0.898448 0.533912 0.027833 0.054417
5 0.565740 0.304500 0.029354 0.040241
6 0.478065 0.369653 0.022891 0.029843
18 0.447393 0.440944 0.018328 0.039074
0 0.468763 0.229019 0.026057 0.034519
4 0.374891 0.270968 0.019646 0.025269
7 0.346667 0.473944 0.024792 0.035630
11 0.346151 0.331023 0.017708 0.028528
14 0.336190 0.397926 0.020922 0.034463
8 0.163826 0.622787 0.024620 0.050667
12 0.151372 0.445060 0.022286 0.036972
13 0.086357 0.428139 0.018234 0.035889
10 0.290492 0.318093 0.020609 0.024741
