20 0.822008 0.522546 0.027828 0.054426
5 0.519685 0.316500 0.029349 0.040241
6 0.438659 0.374921 0.022891 0.029843
18 0.426076 0.437296 0.018328 0.039074
0 0.425208 0.241093 0.026062 0.034519
4 0.346880 0.284426 0.019646 0.025278
7 0.314849 0.473944 0.024792 0.035630
11 0.315930 0.339319 0.017703 0.028528
14 0.305823 0.401403 0.020927 0.034472
8 0.148034 0.611718 0.024620 0.050657
12 0.136294 0.453282 0.022286 0.036972
13 0.073044 0.437824 0.018234 0.035889
10 0.263237 0.326014 0.020609 0.024750
