20 0.897607 0.535106 0.027828 0.054417
5 0.564057 0.304199 0.029354 0.040250
6 0.477055 0.369352 0.022891 0.029833
18 0.449664 0.440657 0.018328 0.039074
0 0.467247 0.228120 0.026057 0.034519
4 0.373547 0.270968 0.019646 0.025269
7 0.345490 0.473944 0.024792 0.035630
11 0.345646 0.330426 0.017708 0.028537
14 0.335182 0.397028 0.020927 0.034463
8 0.162312 0.621588 0.024625 0.050657
12 0.150867 0.445060 0.022286 0.036972
13 0.085180 0.428435 0.018234 0.035889
10 0.288883 0.315671 0.020609 0.024750
