20 0.871805 0.535856 0.027828 0.054417
5 0.551943 0.312468 0.029354 0.040250
6 0.467586 0.373847 0.022891 0.029843
18 0.439732 0.441917 0.018328 0.039074
0 0.456503 0.238333 0.026057 0.034519
4 0.374302 0.281509 0.019646 0.025278
7 0.331552 0.476657 0.024792 0.035630
11 0.342190 0.339745 0.017703 0.028528
14 0.330208 0.404731 0.020927 0.034463
8 0.166393 0.618773 0.024620 0.050657
12 0.155680 0.454810 0.022286 0.036972
13 0.091367 0.433042 0.018234 0.035898
10 0.286638 0.329153 0.020609 0.024750
