20 0.813341 0.515069 0.027828 0.054417
5 0.511534 0.312245 0.029349 0.040250
6 0.431237 0.370569 0.022891 0.029843
18 0.419682 0.426958 0.018323 0.039083
0 0.416703 0.237630 0.026063 0.034519
4 0.339880 0.280963 0.019646 0.025278
7 0.308594 0.466000 0.024792 0.035630
11 0.308279 0.335042 0.017703 0.028528
14 0.298674 0.396167 0.020922 0.034463
8 0.140633 0.605583 0.024620 0.050667
12 0.130320 0.445356 0.022286 0.036972
13 0.067326 0.433935 0.018234 0.035889
17 0.982753 0.677157 0.021495 0.053074
16 0.994583 0.567625 0.028604 0.070287
10 0.257482 0.323319 0.020609 0.024750
