20 0.884169 0.539144 0.027828 0.054417
5 0.560651 0.309921 0.029354 0.040250
6 0.475164 0.372384 0.022891 0.029843
18 0.442003 0.441630 0.018328 0.039074
0 0.462896 0.238556 0.026062 0.034519
4 0.380359 0.279046 0.019646 0.025278
7 0.336250 0.475824 0.024792 0.035630
11 0.347727 0.337829 0.017703 0.028528
14 0.335560 0.404769 0.020922 0.034463
8 0.169315 0.620241 0.024620 0.050667
12 0.159008 0.453134 0.022286 0.036972
13 0.094831 0.430796 0.018234 0.035889
10 0.289982 0.325190 0.020609 0.024750
