20 0.738849 0.451940 0.027833 0.054417
5 0.451029 0.255792 0.029349 0.040250
6 0.377919 0.320088 0.022891 0.029843
18 0.364021 0.383690 0.018323 0.039083
0 0.362380 0.191528 0.026062 0.034519
4 0.289177 0.234741 0.019646 0.025278
7 0.257620 0.415787 0.024792 0.035630
11 0.260148 0.288301 0.017703 0.028528
14 0.250852 0.351495 0.020922 0.034472
8 0.096505 0.554625 0.024625 0.050657
12 0.083346 0.406190 0.022286 0.036972
13 0.021753 0.390731 0.018234 0.035889
17 0.900966 0.589676 0.028943 0.052333
16 0.906667 0.476412 0.023365 0.052787
15 0.913453 0.397657 0.027563 0.049093
1 0.924953 0.268241 0.021396 0.049352
10 0.209148 0.281551 0.020609 0.024750
