20 0.834622 0.530769 0.027828 0.054426
5 0.528937 0.317995 0.029354 0.040250
6 0.447068 0.377167 0.022896 0.029833
18 0.434906 0.442532 0.018323 0.039083
0 0.433622 0.239602 0.026057 0.034519
4 0.355714 0.290407 0.019646 0.025278
7 0.321578 0.478435 0.024792 0.035630
11 0.326023 0.343060 0.017703 0.028528
14 0.315286 0.402528 0.020927 0.034463
8 0.156445 0.615454 0.024620 0.050667
12 0.143867 0.457023 0.022286 0.036972
13 0.078935 0.438565 0.018234 0.035889
10 0.269508 0.327667 0.020609 0.024741
