20 0.882570 0.539745 0.027828 0.054417
5 0.560063 0.310519 0.029354 0.040241
6 0.474826 0.372681 0.022891 0.029843
18 0.441435 0.441699 0.018328 0.039083
0 0.462221 0.239602 0.026057 0.034519
4 0.380948 0.279944 0.019646 0.025278
7 0.335073 0.476037 0.024792 0.035630
11 0.347896 0.338579 0.017708 0.028528
14 0.335477 0.405514 0.020922 0.034472
8 0.169904 0.619944 0.024620 0.050667
12 0.159846 0.454032 0.022286 0.036972
13 0.095758 0.431093 0.018234 0.035889
10 0.289148 0.326181 0.020609 0.024750
