20 0.699146 0.412620 0.027833 0.054426
5 0.418073 0.226306 0.029354 0.040241
6 0.342773 0.285005 0.022891 0.029843
18 0.332016 0.345699 0.018323 0.039083
0 0.328508 0.158435 0.026057 0.034519
4 0.250359 0.204000 0.019646 0.025278
7 0.222229 0.389204 0.024792 0.035630
11 0.223409 0.256606 0.017703 0.028528
14 0.214117 0.327324 0.020922 0.034463
8 0.061518 0.527741 0.024620 0.050667
12 0.048383 0.375782 0.022286 0.036972
17 0.858169 0.546519 0.028943 0.052333
16 0.867125 0.438185 0.023219 0.052333
15 0.871245 0.358227 0.028229 0.048306
1 0.881292 0.228875 0.022385 0.044472
10 0.172747 0.248810 0.020609 0.024750
