20 0.889763 0.537051 0.027828 0.054417
5 0.562711 0.307824 0.029349 0.040241
6 0.476341 0.371333 0.022891 0.029833
18 0.443987 0.441375 0.018328 0.039083
0 0.465250 0.234889 0.026062 0.034519
4 0.378299 0.275898 0.019641 0.025278
7 0.340359 0.475093 0.024792 0.035630
11 0.347138 0.335208 0.017703 0.028528
14 0.335854 0.402148 0.020927 0.034463
8 0.167253 0.621287 0.024620 0.050667
12 0.156060 0.449995 0.022286 0.036972
13 0.091594 0.429745 0.018229 0.035898
10 0.292909 0.321722 0.020609 0.024741
