20 0.804133 0.507218 0.027828 0.054417
5 0.504354 0.305861 0.029354 0.040241
6 0.425151 0.365162 0.022896 0.029843
18 0.414510 0.421551 0.018323 0.039083
0 0.410253 0.232444 0.026057 0.034519
4 0.333797 0.275769 0.019646 0.025278
7 0.302995 0.460806 0.024792 0.035630
11 0.303104 0.329741 0.017708 0.028537
14 0.293313 0.392241 0.020927 0.034463
8 0.135836 0.599755 0.024620 0.050657
12 0.125148 0.441319 0.022286 0.036972
13 0.062531 0.429222 0.018229 0.035889
17 0.974523 0.667060 0.024953 0.053824
16 0.983219 0.548194 0.024531 0.056463
15 0.991740 0.468630 0.022240 0.055333
10 0.251492 0.318204 0.020609 0.024741
