20 0.838997 0.531370 0.027828 0.054426
5 0.531646 0.317343 0.029354 0.040241
6 0.449482 0.376773 0.022891 0.029843
18 0.435474 0.442458 0.018323 0.039083
0 0.436315 0.239454 0.026057 0.034519
4 0.357901 0.289361 0.019646 0.025278
7 0.322750 0.478222 0.024792 0.035630
11 0.327927 0.342671 0.017708 0.028528
14 0.317042 0.402787 0.020927 0.034463
8 0.157617 0.615847 0.024620 0.050657
12 0.145253 0.456764 0.022286 0.036972
13 0.080396 0.437917 0.018229 0.035889
10 0.272013 0.328324 0.020609 0.024741
