20 0.895357 0.534958 0.027828 0.054417
5 0.564771 0.305731 0.029354 0.040241
6 0.477518 0.370287 0.022891 0.029833
18 0.445974 0.441125 0.018323 0.039083
0 0.467607 0.231222 0.026057 0.034519
4 0.376240 0.272759 0.019646 0.025278
7 0.344464 0.474361 0.024792 0.035630
11 0.346549 0.332597 0.017703 0.028528
14 0.336148 0.399532 0.020922 0.034472
8 0.165193 0.622338 0.024625 0.050657
12 0.153117 0.446852 0.022286 0.036963
13 0.088354 0.428699 0.018229 0.035898
10 0.291497 0.319602 0.020609 0.024741
