20 0.836810 0.531069 0.027828 0.054417
5 0.530292 0.317671 0.029354 0.040250
6 0.448273 0.376968 0.022891 0.029843
18 0.435190 0.442495 0.018328 0.039083
0 0.434969 0.239528 0.026062 0.034519
4 0.356807 0.289889 0.019646 0.025278
7 0.322167 0.478333 0.024792 0.035630
11 0.326977 0.342866 0.017703 0.028528
14 0.316164 0.402657 0.020922 0.034463
8 0.157029 0.615653 0.024620 0.050657
12 0.144560 0.456894 0.022286 0.036972
13 0.079664 0.438241 0.018234 0.035889
10 0.270760 0.327995 0.020604 0.024750
