20 0.807201 0.509833 0.027828 0.054426
5 0.506747 0.307991 0.029349 0.040241
6 0.427180 0.366968 0.022891 0.029843
18 0.416234 0.423356 0.018323 0.039083
0 0.412404 0.234176 0.026057 0.034519
4 0.335823 0.277500 0.019646 0.025278
7 0.304859 0.462537 0.024792 0.035630
11 0.304828 0.331505 0.017708 0.028528
14 0.295099 0.393556 0.020927 0.034463
8 0.137435 0.601699 0.024620 0.050657
12 0.126872 0.442662 0.022286 0.036972
13 0.064128 0.430796 0.018234 0.035889
17 0.977268 0.670426 0.023797 0.053574
16 0.987005 0.554676 0.025885 0.061074
15 0.995609 0.471917 0.022240 0.055333
10 0.253487 0.319907 0.020609 0.024741
