20 0.819482 0.520306 0.027828 0.054426
5 0.516320 0.316500 0.029349 0.040241
6 0.435294 0.374176 0.022891 0.029833
18 0.423130 0.430569 0.018323 0.039083
0 0.421003 0.241093 0.026057 0.034519
4 0.343938 0.284426 0.019646 0.025278
7 0.312323 0.469463 0.024792 0.035630
11 0.311727 0.338579 0.017703 0.028528
14 0.302250 0.398787 0.020927 0.034463
8 0.143828 0.609472 0.024625 0.050667
12 0.133768 0.448051 0.022286 0.036972
13 0.070521 0.437074 0.018229 0.035889
17 0.988240 0.683889 0.019187 0.052574
10 0.260732 0.325352 0.020609 0.024741
