20 0.699414 0.413981 0.027828 0.054426
5 0.418349 0.227222 0.029354 0.040241
6 0.343758 0.285644 0.022891 0.029843
18 0.332039 0.346560 0.018328 0.039083
0 0.329549 0.159204 0.026057 0.034519
4 0.251224 0.204509 0.019646 0.025278
7 0.223359 0.390000 0.024792 0.035630
11 0.224372 0.256542 0.017703 0.028528
14 0.214906 0.326949 0.020927 0.034472
8 0.062284 0.528287 0.024620 0.050667
12 0.048596 0.375940 0.022286 0.036972
17 0.859138 0.547463 0.028943 0.052333
16 0.868232 0.439963 0.023214 0.052333
15 0.872276 0.359102 0.028229 0.048315
1 0.882404 0.230421 0.022307 0.044880
10 0.175346 0.251148 0.020609 0.024741
