20 0.816414 0.517685 0.027828 0.054426
5 0.513927 0.314370 0.029354 0.040241
6 0.433263 0.372375 0.022891 0.029843
18 0.421406 0.428764 0.018323 0.039083
0 0.418852 0.239361 0.026057 0.034519
4 0.341906 0.282694 0.019646 0.025278
7 0.310458 0.467731 0.024792 0.035630
11 0.310003 0.336810 0.017703 0.028528
14 0.300461 0.397477 0.020922 0.034472
8 0.142229 0.607528 0.024625 0.050667
12 0.132044 0.446699 0.022286 0.036972
13 0.068924 0.435500 0.018234 0.035889
17 0.985497 0.680523 0.020339 0.052824
10 0.259477 0.325028 0.020609 0.024741
