20 0.750385 0.461556 0.027833 0.054426
5 0.461484 0.266685 0.029354 0.040241
6 0.388003 0.330903 0.022891 0.029843
18 0.378797 0.390181 0.018323 0.039083
0 0.371753 0.200500 0.026057 0.034519
4 0.297693 0.243787 0.019646 0.025278
7 0.268052 0.427222 0.024792 0.035630
11 0.270404 0.297264 0.017703 0.028528
14 0.260240 0.364167 0.020927 0.034463
8 0.105721 0.564204 0.024620 0.050667
12 0.092909 0.415153 0.022286 0.036972
13 0.031836 0.399694 0.018234 0.035889
17 0.912953 0.604815 0.028948 0.052333
16 0.918654 0.488750 0.023578 0.053481
15 0.925229 0.408491 0.026562 0.050259
1 0.935677 0.276769 0.021396 0.049352
10 0.216951 0.288565 0.020609 0.024741
