20 0.860867 0.534361 0.027828 0.054426
5 0.545177 0.314093 0.029354 0.040241
6 0.461549 0.374829 0.022891 0.029843
18 0.438312 0.442097 0.018323 0.039083
0 0.449773 0.238704 0.026057 0.034519
4 0.368833 0.284130 0.019646 0.025278
7 0.328620 0.477185 0.024792 0.035630
11 0.337435 0.340718 0.017703 0.028528
14 0.325820 0.404083 0.020922 0.034463
8 0.163466 0.617796 0.024620 0.050667
12 0.152206 0.455458 0.022286 0.036972
13 0.087711 0.434667 0.018234 0.035889
10 0.284549 0.331630 0.020609 0.024741
