20 0.823268 0.523667 0.027828 0.054426
5 0.521367 0.316500 0.029349 0.040241
6 0.440341 0.375301 0.022891 0.029843
18 0.427547 0.440662 0.018323 0.039083
0 0.427313 0.241093 0.026063 0.034519
4 0.348354 0.284426 0.019646 0.025278
7 0.316109 0.476194 0.024792 0.035630
11 0.318034 0.339699 0.017703 0.028528
14 0.307612 0.402713 0.020922 0.034463
8 0.150138 0.612838 0.024620 0.050657
12 0.137555 0.455903 0.022286 0.036972
13 0.074307 0.438194 0.018229 0.035889
10 0.264492 0.326343 0.020609 0.024741
