20 0.854307 0.533463 0.027833 0.054426
5 0.541115 0.315069 0.029354 0.040250
6 0.457930 0.375412 0.022891 0.029843
18 0.437461 0.442208 0.018328 0.039083
0 0.445734 0.238926 0.026063 0.034519
4 0.365557 0.285694 0.019646 0.025278
7 0.326859 0.477491 0.024792 0.035630
11 0.334583 0.341310 0.017708 0.028528
14 0.323188 0.403694 0.020927 0.034463
8 0.161711 0.617213 0.024620 0.050667
12 0.150117 0.455847 0.022286 0.036972
13 0.085518 0.435639 0.018234 0.035889
10 0.280789 0.330639 0.020609 0.024741
