20 0.764216 0.473199 0.027828 0.054417
5 0.473240 0.278204 0.029354 0.040241
6 0.398784 0.341727 0.022891 0.029843
18 0.392096 0.398116 0.018328 0.039083
0 0.382302 0.209944 0.026062 0.034519
4 0.307427 0.253269 0.019646 0.025278
7 0.278734 0.438306 0.024792 0.035630
11 0.280690 0.306773 0.017703 0.028528
14 0.270073 0.375231 0.020927 0.034463
8 0.115060 0.574481 0.024620 0.050667
12 0.102732 0.423819 0.022286 0.036972
13 0.041753 0.408810 0.018234 0.035898
17 0.928482 0.623324 0.028661 0.052444
16 0.934638 0.505199 0.023870 0.054398
15 0.940930 0.422949 0.025234 0.051824
1 0.949977 0.288130 0.021401 0.049352
10 0.225539 0.296023 0.020609 0.024750
