20 0.731159 0.445532 0.027828 0.054417
5 0.444057 0.248528 0.029354 0.040241
6 0.371198 0.312875 0.022896 0.029843
18 0.354169 0.379366 0.018328 0.039083
0 0.356133 0.185546 0.026057 0.034519
4 0.283500 0.228713 0.019646 0.025278
7 0.250667 0.408157 0.024792 0.035630
11 0.253310 0.282324 0.017703 0.028537
14 0.244594 0.343046 0.020927 0.034463
8 0.090362 0.548236 0.024620 0.050657
12 0.076971 0.400218 0.022286 0.036972
13 0.015029 0.384755 0.018234 0.035898
17 0.892974 0.579583 0.028948 0.052333
16 0.898674 0.468185 0.023214 0.052333
15 0.905599 0.390426 0.028229 0.048315
1 0.917802 0.262560 0.021396 0.049343
10 0.203948 0.276875 0.020604 0.024750
