20 0.810273 0.512454 0.027828 0.054426
5 0.509141 0.310116 0.029354 0.040250
6 0.429206 0.368764 0.022891 0.029843
18 0.417958 0.425157 0.018323 0.039074
0 0.414552 0.235903 0.026063 0.034509
4 0.337852 0.279231 0.019641 0.025278
7 0.306724 0.464269 0.024792 0.035630
11 0.306555 0.333273 0.017703 0.028528
14 0.296885 0.394861 0.020927 0.034463
8 0.139034 0.603644 0.024620 0.050657
12 0.128596 0.444014 0.022286 0.036972
13 0.065727 0.432361 0.018234 0.035889
17 0.980010 0.673792 0.022646 0.053324
16 0.990794 0.561148 0.027245 0.065685
10 0.255487 0.321611 0.020609 0.024741
