20 0.876180 0.536454 0.027828 0.054426
5 0.554648 0.311819 0.029349 0.040250
6 0.469997 0.373458 0.022891 0.029843
18 0.440299 0.441847 0.018328 0.039083
0 0.459193 0.238176 0.026062 0.034519
4 0.376490 0.280463 0.019646 0.025278
7 0.332729 0.476454 0.024792 0.035630
11 0.344091 0.339356 0.017703 0.028528
14 0.331964 0.404991 0.020927 0.034463
8 0.167565 0.619162 0.024620 0.050657
12 0.157068 0.454551 0.022292 0.036972
13 0.092831 0.432389 0.018234 0.035889
10 0.287477 0.328162 0.020609 0.024750
