20 0.878365 0.536750 0.027833 0.054426
5 0.556000 0.311495 0.029354 0.040250
6 0.471206 0.373264 0.022891 0.029843
18 0.440583 0.441810 0.018323 0.039083
0 0.460539 0.238102 0.026057 0.034519
4 0.377583 0.279944 0.019646 0.025278
7 0.333313 0.476347 0.024792 0.035620
11 0.345044 0.339162 0.017703 0.028528
14 0.332841 0.405125 0.020922 0.034472
8 0.168148 0.619356 0.024620 0.050657
12 0.157763 0.454421 0.022286 0.036972
13 0.093562 0.432065 0.018229 0.035889
10 0.287893 0.327667 0.020609 0.024741
