20 0.794919 0.499366 0.027828 0.054417
5 0.497172 0.299481 0.029354 0.040241
6 0.419065 0.359755 0.022891 0.029843
18 0.409339 0.416144 0.018323 0.039083
0 0.403802 0.227250 0.026063 0.034519
4 0.327708 0.270583 0.019646 0.025278
7 0.297396 0.455611 0.024792 0.035630
11 0.297932 0.324440 0.017708 0.028528
14 0.287948 0.388315 0.020927 0.034463
8 0.131042 0.593921 0.024625 0.050657
12 0.119977 0.437282 0.022286 0.036972
13 0.057737 0.424509 0.018234 0.035889
17 0.963898 0.656968 0.025807 0.053509
16 0.973755 0.543708 0.024531 0.056472
15 0.980135 0.458759 0.022240 0.055333
1 0.985727 0.316546 0.021401 0.049352
10 0.245503 0.313083 0.020609 0.024741
