20 0.785711 0.491519 0.027828 0.054426
5 0.489995 0.293097 0.029354 0.040250
6 0.412982 0.354347 0.022891 0.029843
18 0.404167 0.410736 0.018323 0.039083
0 0.397352 0.222056 0.026057 0.034519
4 0.321625 0.265389 0.019646 0.025278
7 0.291797 0.450426 0.024792 0.035630
11 0.292760 0.319144 0.017708 0.028528
14 0.282586 0.384389 0.020922 0.034463
8 0.126247 0.588093 0.024620 0.050667
12 0.114799 0.433245 0.022286 0.036972
13 0.052940 0.419801 0.018234 0.035898
17 0.953273 0.646870 0.026661 0.053185
16 0.962609 0.533986 0.024385 0.056009
15 0.968411 0.448241 0.022906 0.054556
1 0.975000 0.308019 0.021396 0.049352
10 0.239513 0.307963 0.020609 0.024741
