20 0.888964 0.537352 0.027833 0.054426
5 0.562417 0.308125 0.029354 0.040250
6 0.476174 0.371486 0.022891 0.029843
18 0.443703 0.441412 0.018323 0.039083
0 0.464914 0.235412 0.026057 0.034509
4 0.378594 0.276352 0.019646 0.025278
7 0.339771 0.475204 0.024792 0.035630
11 0.347221 0.335588 0.017703 0.028528
14 0.335813 0.402523 0.020927 0.034472
8 0.167549 0.621139 0.024620 0.050667
12 0.156482 0.450440 0.022286 0.036972
13 0.092055 0.429898 0.018234 0.035889
10 0.292490 0.322218 0.020604 0.024750
