20 0.897711 0.534958 0.027828 0.054417
5 0.564266 0.304236 0.029354 0.040250
6 0.477180 0.369394 0.022891 0.029843
18 0.449380 0.440690 0.018323 0.039083
0 0.467438 0.228231 0.026062 0.034519
4 0.373714 0.270968 0.019646 0.025269
7 0.345635 0.473944 0.024792 0.035630
11 0.345711 0.330500 0.017703 0.028537
14 0.335307 0.397139 0.020927 0.034463
8 0.162503 0.621741 0.024620 0.050667
12 0.150930 0.445060 0.022286 0.036972
13 0.085326 0.428398 0.018234 0.035889
10 0.289086 0.315972 0.020609 0.024741
