20 0.867430 0.535259 0.027828 0.054426
5 0.549234 0.313120 0.029354 0.040241
6 0.465172 0.374241 0.022896 0.029833
18 0.439164 0.441991 0.018328 0.039074
0 0.453810 0.238481 0.026057 0.034519
4 0.372115 0.282556 0.019646 0.025278
7 0.330380 0.476870 0.024792 0.035630
11 0.340289 0.340134 0.017703 0.028528
14 0.328453 0.404472 0.020927 0.034463
8 0.165221 0.618384 0.024620 0.050657
12 0.154289 0.455069 0.022286 0.036972
13 0.089906 0.433694 0.018229 0.035889
10 0.285805 0.330144 0.020609 0.024750
