20 0.791852 0.496750 0.027828 0.054426
5 0.494781 0.297352 0.029354 0.040241
6 0.417039 0.357949 0.022891 0.029843
18 0.407615 0.414338 0.018323 0.039083
0 0.401654 0.225519 0.026057 0.034519
4 0.325682 0.268852 0.019646 0.025278
7 0.295531 0.453880 0.024792 0.035630
11 0.296208 0.322671 0.017708 0.028528
14 0.286161 0.387009 0.020927 0.034463
8 0.129445 0.591977 0.024620 0.050657
12 0.118253 0.435935 0.022286 0.036963
13 0.056138 0.422944 0.018234 0.035889
17 0.960357 0.653606 0.026089 0.053398
16 0.970602 0.542213 0.024526 0.056463
15 0.976266 0.455468 0.022240 0.055324
1 0.982151 0.313704 0.021396 0.049352
10 0.243508 0.311380 0.020609 0.024741
