20 0.898555 0.533759 0.027828 0.054426
5 0.565948 0.304537 0.029354 0.040241
6 0.478190 0.369690 0.022891 0.029843
18 0.447109 0.440981 0.018323 0.039074
0 0.468951 0.229130 0.026057 0.034519
4 0.375063 0.270968 0.019646 0.025269
7 0.346813 0.473944 0.024792 0.035630
11 0.346214 0.331097 0.017708 0.028528
14 0.336318 0.398037 0.020927 0.034463
8 0.164016 0.622935 0.024625 0.050667
12 0.151435 0.445060 0.022286 0.036972
13 0.086503 0.428102 0.018234 0.035889
10 0.290695 0.318394 0.020609 0.024750
