20 0.898237 0.534208 0.027828 0.054417
5 0.565318 0.304426 0.029354 0.040241
6 0.477812 0.369579 0.022896 0.029843
18 0.447961 0.440875 0.018328 0.039083
0 0.468383 0.228796 0.026057 0.034519
4 0.374557 0.270968 0.019646 0.025269
7 0.346370 0.473944 0.024792 0.035630
11 0.346023 0.330875 0.017703 0.028528
14 0.335938 0.397704 0.020927 0.034463
8 0.163448 0.622486 0.024625 0.050657
12 0.151247 0.445060 0.022286 0.036972
13 0.086063 0.428213 0.018229 0.035889
10 0.290091 0.317486 0.020609 0.024750
