20 0.831258 0.528778 0.027828 0.054426
5 0.526974 0.317495 0.029354 0.040250
6 0.445385 0.376671 0.022896 0.029843
18 0.432945 0.443028 0.018328 0.039074
0 0.432221 0.240102 0.026057 0.034519
4 0.353750 0.288417 0.019646 0.025278
7 0.320177 0.478435 0.024792 0.035630
11 0.324063 0.342065 0.017708 0.028537
14 0.313326 0.403023 0.020922 0.034472
8 0.155044 0.614958 0.024620 0.050657
12 0.142185 0.457519 0.022286 0.036963
13 0.077813 0.438565 0.018229 0.035889
10 0.268253 0.327333 0.020609 0.024741
