20 0.797992 0.501986 0.027828 0.054417
5 0.499568 0.301606 0.029354 0.040250
6 0.421094 0.361556 0.022896 0.029833
18 0.411062 0.417944 0.018323 0.039074
0 0.405953 0.228981 0.026063 0.034519
4 0.329740 0.272315 0.019646 0.025278
7 0.299260 0.457343 0.024792 0.035630
11 0.299656 0.326208 0.017708 0.028528
14 0.289737 0.389630 0.020922 0.034463
8 0.132638 0.595866 0.024620 0.050657
12 0.121701 0.438625 0.022286 0.036972
13 0.059333 0.426083 0.018229 0.035889
17 0.967440 0.660333 0.025526 0.053611
16 0.976911 0.545204 0.024531 0.056463
15 0.984003 0.462046 0.022245 0.055333
1 0.989302 0.319384 0.021396 0.049343
10 0.247497 0.314787 0.020609 0.024741
