20 0.869617 0.535556 0.027828 0.054426
5 0.550589 0.312796 0.029354 0.040241
6 0.466378 0.374042 0.022891 0.029843
18 0.439448 0.441954 0.018323 0.039074
0 0.455156 0.238407 0.026062 0.034519
4 0.373208 0.282037 0.019646 0.025278
7 0.330969 0.476769 0.024792 0.035630
11 0.341240 0.339940 0.017708 0.028528
14 0.329331 0.404602 0.020922 0.034463
8 0.165807 0.618579 0.024625 0.050657
12 0.154982 0.454940 0.022286 0.036972
13 0.090638 0.433370 0.018234 0.035889
10 0.286221 0.329648 0.020609 0.024741
