20 0.827893 0.526782 0.027828 0.054417
5 0.525010 0.317000 0.029354 0.040241
6 0.443703 0.376171 0.022896 0.029843
18 0.430982 0.443528 0.018328 0.039074
0 0.430818 0.240597 0.026063 0.034509
4 0.351786 0.286417 0.019646 0.025278
7 0.318776 0.478435 0.024792 0.035630
11 0.322099 0.341069 0.017708 0.028528
14 0.311362 0.403519 0.020922 0.034463
8 0.153641 0.614458 0.024625 0.050657
12 0.140500 0.458014 0.022292 0.036972
13 0.076690 0.438565 0.018234 0.035889
10 0.267000 0.327005 0.020604 0.024750
