20 0.898341 0.534060 0.027828 0.054417
5 0.565529 0.304463 0.029349 0.040241
6 0.477940 0.369616 0.022891 0.029843
18 0.447677 0.440907 0.018323 0.039074
0 0.468573 0.228907 0.026062 0.034519
4 0.374724 0.270968 0.019646 0.025269
7 0.346516 0.473944 0.024792 0.035630
11 0.346086 0.330949 0.017703 0.028528
14 0.336065 0.397815 0.020922 0.034463
8 0.163638 0.622634 0.024620 0.050657
12 0.151310 0.445060 0.022286 0.036972
13 0.086211 0.428176 0.018234 0.035889
10 0.290294 0.317787 0.020609 0.024741
