20 0.770357 0.478431 0.027828 0.054417
5 0.478026 0.282463 0.029354 0.040241
6 0.402841 0.345329 0.022891 0.029843
18 0.395547 0.401718 0.018323 0.039083
0 0.386602 0.213398 0.026057 0.034519
4 0.311484 0.256731 0.019646 0.025278
7 0.282469 0.441769 0.024792 0.035630
11 0.284138 0.310306 0.017703 0.028537
14 0.273648 0.377852 0.020922 0.034463
8 0.118258 0.578370 0.024620 0.050667
12 0.106180 0.426514 0.022286 0.036972
13 0.044951 0.411954 0.018234 0.035889
17 0.935565 0.630051 0.028089 0.052657
16 0.942630 0.513426 0.024021 0.054870
15 0.948784 0.430171 0.024568 0.052602
1 0.957128 0.293815 0.021401 0.049352
10 0.229531 0.299435 0.020604 0.024741
