20 0.890563 0.536750 0.027833 0.054426
5 0.563005 0.307528 0.029354 0.040241
6 0.476508 0.371181 0.022891 0.029843
18 0.444271 0.441338 0.018323 0.039083
0 0.465586 0.234361 0.026057 0.034519
4 0.378005 0.275454 0.019646 0.025278
7 0.340943 0.474991 0.024792 0.035630
11 0.347055 0.334838 0.017703 0.028528
14 0.335896 0.401778 0.020927 0.034463
8 0.166961 0.621440 0.024620 0.050657
12 0.155643 0.449542 0.022286 0.036972
13 0.091130 0.429593 0.018229 0.035889
10 0.292706 0.321421 0.020609 0.024750
