20 0.865242 0.534958 0.027828 0.054417
5 0.547883 0.313444 0.029349 0.040241
6 0.463966 0.374435 0.022891 0.029833
18 0.438880 0.442023 0.018323 0.039083
0 0.452464 0.238556 0.026062 0.034519
4 0.371021 0.283083 0.019646 0.025278
7 0.329792 0.476972 0.024792 0.035630
11 0.339336 0.340329 0.017703 0.028528
14 0.327576 0.404343 0.020922 0.034463
8 0.164638 0.618185 0.024620 0.050667
12 0.153591 0.455199 0.022286 0.036972
13 0.089174 0.434019 0.018234 0.035889
10 0.285388 0.330639 0.020609 0.024741
