20 0.779570 0.486282 0.027828 0.054417
5 0.485208 0.288843 0.029354 0.040241
6 0.408924 0.350736 0.022891 0.029843
18 0.400719 0.407130 0.018323 0.039074
0 0.393052 0.218593 0.026062 0.034519
4 0.317568 0.261926 0.019646 0.025278
7 0.288068 0.446963 0.024792 0.035630
11 0.289310 0.315606 0.017703 0.028528
14 0.279010 0.381778 0.020927 0.034463
8 0.123049 0.584204 0.024620 0.050667
12 0.111352 0.430551 0.022286 0.036972
13 0.049745 0.416657 0.018229 0.035889
17 0.946190 0.640144 0.027234 0.052972
16 0.954617 0.525764 0.024234 0.055546
15 0.960560 0.441014 0.023568 0.053769
1 0.967852 0.302338 0.021401 0.049343
10 0.235521 0.304556 0.020604 0.024741
