20 0.885768 0.538546 0.027828 0.054426
5 0.561240 0.309324 0.029354 0.040241
6 0.475497 0.372079 0.022891 0.029843
18 0.442570 0.441560 0.018328 0.039083
0 0.463568 0.237509 0.026063 0.034519
4 0.379771 0.278148 0.019646 0.025278
7 0.337422 0.475620 0.024792 0.035630
11 0.347560 0.337079 0.017703 0.028528
14 0.335643 0.404019 0.020922 0.034463
8 0.168727 0.620542 0.024620 0.050657
12 0.158164 0.452236 0.022286 0.036972
13 0.093906 0.430491 0.018229 0.035889
10 0.290820 0.324199 0.020609 0.024750
