20 0.886565 0.538250 0.027828 0.054426
5 0.561531 0.309023 0.029354 0.040250
6 0.475669 0.371931 0.022891 0.029843
18 0.442852 0.441523 0.018328 0.039083
0 0.463904 0.236981 0.026057 0.034519
4 0.379479 0.277694 0.019646 0.025278
7 0.338010 0.475509 0.024792 0.035630
11 0.347477 0.336708 0.017703 0.028528
14 0.335685 0.403648 0.020922 0.034463
8 0.168432 0.620690 0.024625 0.050657
12 0.157742 0.451787 0.022286 0.036963
13 0.093445 0.430343 0.018234 0.035889
10 0.291237 0.323704 0.020609 0.024741
