20 0.849935 0.532866 0.027828 0.054417
5 0.538411 0.315722 0.029354 0.040241
6 0.455518 0.375801 0.022891 0.029843
18 0.436893 0.442278 0.018328 0.039074
0 0.443044 0.239074 0.026057 0.034519
4 0.363370 0.286741 0.019646 0.025278
7 0.325687 0.477704 0.024792 0.035630
11 0.332680 0.341699 0.017703 0.028528
14 0.321432 0.403435 0.020927 0.034463
8 0.160542 0.616824 0.024625 0.050667
12 0.148729 0.456106 0.022292 0.036972
13 0.084055 0.436296 0.018234 0.035889
10 0.278284 0.329977 0.020609 0.024750
