20 0.891362 0.536454 0.027828 0.054426
5 0.563299 0.307227 0.029349 0.040250
6 0.476677 0.371032 0.022896 0.029843
18 0.444555 0.441306 0.018328 0.039074
0 0.465924 0.233843 0.026057 0.034519
4 0.377708 0.275009 0.019646 0.025278
7 0.341531 0.474889 0.024792 0.035630
11 0.346971 0.334463 0.017703 0.028537
14 0.335938 0.401403 0.020927 0.034472
8 0.166664 0.621588 0.024620 0.050657
12 0.155221 0.449097 0.022286 0.036972
13 0.090669 0.429444 0.018234 0.035889
10 0.292505 0.321120 0.020604 0.024741
