20 0.847747 0.532565 0.027828 0.054426
5 0.537057 0.316046 0.029354 0.040241
6 0.454310 0.375995 0.022891 0.029843
18 0.436609 0.442315 0.018323 0.039074
0 0.441698 0.239148 0.026063 0.034519
4 0.362276 0.287269 0.019646 0.025278
7 0.325099 0.477806 0.024792 0.035630
11 0.331732 0.341894 0.017703 0.028528
14 0.320555 0.403306 0.020922 0.034463
8 0.159956 0.616630 0.024620 0.050667
12 0.148034 0.456241 0.022286 0.036963
13 0.083323 0.436620 0.018229 0.035889
10 0.277029 0.329648 0.020609 0.024741
