20 0.841185 0.531667 0.027828 0.054426
5 0.532997 0.317019 0.029349 0.040241
6 0.450690 0.376579 0.022891 0.029843
18 0.435758 0.442421 0.018328 0.039083
0 0.437659 0.239380 0.026057 0.034519
4 0.358995 0.288838 0.019646 0.025269
7 0.323339 0.478120 0.024792 0.035630
11 0.328878 0.342477 0.017703 0.028528
14 0.317919 0.402917 0.020922 0.034463
8 0.158201 0.616042 0.024620 0.050657
12 0.145951 0.456630 0.022286 0.036963
13 0.081128 0.437593 0.018234 0.035889
10 0.273268 0.328657 0.020609 0.024741
