20 0.887367 0.537949 0.027828 0.054417
5 0.561828 0.308722 0.029354 0.040241
6 0.475836 0.371782 0.022891 0.029843
18 0.443135 0.441486 0.018323 0.039083
0 0.464242 0.236463 0.026057 0.034519
4 0.379182 0.277250 0.019646 0.025278
7 0.338599 0.475407 0.024792 0.035630
11 0.347393 0.336329 0.017703 0.028528
14 0.335729 0.403269 0.020927 0.034463
8 0.168138 0.620843 0.024620 0.050667
12 0.157326 0.451338 0.022286 0.036972
13 0.092982 0.430194 0.018234 0.035889
10 0.291654 0.323208 0.020609 0.024750
