20 0.776497 0.483667 0.027828 0.054426
5 0.482812 0.286713 0.029354 0.040241
6 0.406896 0.348935 0.022896 0.029833
18 0.398995 0.405324 0.018323 0.039074
0 0.390904 0.216861 0.026057 0.034519
4 0.315542 0.260194 0.019646 0.025278
7 0.286198 0.445231 0.024792 0.035630
11 0.287586 0.313838 0.017703 0.028528
14 0.277224 0.380468 0.020927 0.034472
8 0.121451 0.582259 0.024620 0.050667
12 0.109628 0.429208 0.022286 0.036972
13 0.048146 0.415093 0.018229 0.035889
17 0.942648 0.636782 0.027516 0.052861
16 0.950622 0.521653 0.024161 0.055324
15 0.956635 0.437403 0.023906 0.053380
1 0.964276 0.299495 0.021396 0.049343
10 0.233523 0.302847 0.020609 0.024750
