20 0.722393 0.438074 0.027828 0.054426
5 0.437026 0.243491 0.029354 0.040241
6 0.364482 0.305819 0.022891 0.029843
18 0.347872 0.370972 0.018328 0.039074
0 0.349727 0.178889 0.026057 0.034519
4 0.275266 0.222370 0.019646 0.025278
7 0.244156 0.403889 0.024792 0.035630
11 0.246138 0.274889 0.017703 0.028537
14 0.237013 0.338019 0.020922 0.034463
8 0.083081 0.544407 0.024620 0.050667
12 0.068971 0.392245 0.022286 0.036972
13 0.008729 0.380796 0.014781 0.035889
17 0.884414 0.571491 0.028943 0.052333
16 0.891240 0.462153 0.023219 0.052343
15 0.897260 0.382481 0.028229 0.048315
1 0.908958 0.255139 0.021563 0.048537
10 0.198747 0.272194 0.020609 0.024741
