20 0.788779 0.494134 0.027828 0.054417
5 0.492385 0.295227 0.029354 0.040250
6 0.415008 0.356144 0.022891 0.029843
18 0.405891 0.412537 0.018323 0.039074
0 0.399503 0.223787 0.026057 0.034519
4 0.323651 0.267120 0.019646 0.025278
7 0.293667 0.452153 0.024792 0.035620
11 0.294484 0.320903 0.017708 0.028528
14 0.284375 0.385704 0.020927 0.034463
8 0.127846 0.590032 0.024620 0.050657
12 0.116529 0.434588 0.022286 0.036972
13 0.054539 0.421370 0.018234 0.035889
17 0.956815 0.650236 0.026380 0.053287
16 0.966607 0.538102 0.024453 0.056241
15 0.972339 0.451852 0.022573 0.054944
1 0.978576 0.310861 0.021401 0.049352
10 0.241508 0.309671 0.020609 0.024750
