20 0.892159 0.536153 0.027828 0.054417
5 0.563594 0.306931 0.029354 0.040250
6 0.476846 0.370884 0.022891 0.029843
18 0.444839 0.441269 0.018323 0.039074
0 0.466260 0.233315 0.026062 0.034519
4 0.377417 0.274556 0.019646 0.025278
7 0.342120 0.474782 0.024792 0.035620
11 0.346888 0.334088 0.017703 0.028528
14 0.335979 0.401028 0.020927 0.034463
8 0.166372 0.621741 0.024620 0.050667
12 0.154799 0.448644 0.022286 0.036972
13 0.090206 0.429296 0.018234 0.035889
10 0.292305 0.320815 0.020609 0.024741
