20 0.700216 0.418069 0.027828 0.054417
5 0.419172 0.229981 0.029354 0.040241
6 0.346706 0.287551 0.022891 0.029843
18 0.332107 0.349139 0.018328 0.039074
0 0.332674 0.161500 0.026057 0.034519
4 0.253818 0.206019 0.019646 0.025278
7 0.226750 0.392407 0.024792 0.035630
11 0.227250 0.256356 0.017708 0.028528
14 0.217273 0.325824 0.020922 0.034463
8 0.064576 0.529921 0.024620 0.050657
12 0.049232 0.376403 0.022286 0.036972
17 0.862047 0.550315 0.028948 0.052333
16 0.871547 0.445296 0.023219 0.052333
15 0.875380 0.361731 0.028229 0.048315
1 0.885737 0.235046 0.022057 0.046093
10 0.183148 0.258167 0.020609 0.024741
