20 0.773430 0.481046 0.027828 0.054426
5 0.480419 0.284588 0.029349 0.040250
6 0.404867 0.347134 0.022891 0.029843
18 0.397271 0.403523 0.018323 0.039083
0 0.388753 0.215130 0.026057 0.034519
4 0.313510 0.258463 0.019646 0.025278
7 0.284333 0.443500 0.024792 0.035630
11 0.285862 0.312069 0.017703 0.028528
14 0.275437 0.379157 0.020927 0.034463
8 0.119854 0.580315 0.024625 0.050667
12 0.107904 0.427856 0.022286 0.036972
13 0.046549 0.413519 0.018234 0.035889
17 0.939107 0.633417 0.027807 0.052759
16 0.946625 0.517537 0.024094 0.055093
15 0.952708 0.433792 0.024240 0.052991
1 0.960703 0.296657 0.021396 0.049352
10 0.231529 0.301139 0.020609 0.024741
