20 0.888164 0.537648 0.027828 0.054426
5 0.562122 0.308426 0.029349 0.040241
6 0.476003 0.371634 0.022891 0.029843
18 0.443419 0.441449 0.018328 0.039083
0 0.464578 0.235935 0.026062 0.034519
4 0.378891 0.276796 0.019646 0.025278
7 0.339182 0.475306 0.024792 0.035630
11 0.347307 0.335958 0.017708 0.028528
14 0.335771 0.402898 0.020927 0.034463
8 0.167841 0.620991 0.024620 0.050667
12 0.156904 0.450889 0.022286 0.036963
13 0.092518 0.430046 0.018234 0.035889
10 0.292070 0.322713 0.020609 0.024741
