20 0.858680 0.534060 0.027828 0.054417
5 0.543823 0.314417 0.029354 0.040241
6 0.460344 0.375023 0.022896 0.029843
18 0.438029 0.442134 0.018328 0.039083
0 0.448427 0.238778 0.026062 0.034519
4 0.367742 0.284648 0.019641 0.025278
7 0.328031 0.477287 0.024792 0.035630
11 0.336487 0.340917 0.017703 0.028537
14 0.324943 0.403954 0.020927 0.034463
8 0.162883 0.617602 0.024620 0.050667
12 0.151508 0.455588 0.022286 0.036972
13 0.086979 0.434991 0.018229 0.035889
10 0.283297 0.331296 0.020604 0.024741
