20 0.897753 0.534060 0.027828 0.054417
5 0.565656 0.304833 0.029354 0.040241
6 0.478023 0.369838 0.022891 0.029843
18 0.446826 0.441014 0.018328 0.039083
0 0.468615 0.229657 0.026062 0.034519
4 0.375354 0.271417 0.019646 0.025278
7 0.346224 0.474056 0.024792 0.035630
11 0.346299 0.331472 0.017703 0.028537
14 0.336276 0.398407 0.020927 0.034463
8 0.164310 0.622787 0.024620 0.050667
12 0.151857 0.445505 0.022286 0.036972
13 0.086966 0.428250 0.018234 0.035889
10 0.290896 0.318694 0.020604 0.024741
