20 0.824529 0.524787 0.027828 0.054426
5 0.523049 0.316500 0.029349 0.040241
6 0.442023 0.375671 0.022891 0.029843
18 0.429018 0.444023 0.018328 0.039083
0 0.429417 0.241093 0.026062 0.034519
4 0.349823 0.284426 0.019646 0.025278
7 0.317370 0.478435 0.024792 0.035630
11 0.320138 0.340069 0.017703 0.028528
14 0.309398 0.404019 0.020922 0.034463
8 0.152240 0.613963 0.024625 0.050667
12 0.138818 0.458514 0.022292 0.036972
13 0.075570 0.438565 0.018234 0.035889
10 0.265747 0.326676 0.020609 0.024741
