20 0.758076 0.467963 0.027828 0.054426
5 0.468453 0.273949 0.029354 0.040250
6 0.394727 0.338116 0.022891 0.029843
18 0.388648 0.394505 0.018328 0.039083
0 0.378003 0.206481 0.026057 0.034519
4 0.303370 0.249815 0.019646 0.025278
7 0.275005 0.434843 0.024792 0.035630
11 0.277242 0.303236 0.017703 0.028528
14 0.266500 0.372616 0.020927 0.034472
8 0.111862 0.570593 0.024620 0.050667
12 0.099284 0.421130 0.022286 0.036963
13 0.038557 0.405667 0.018229 0.035889
17 0.920943 0.614912 0.028948 0.052324
16 0.926646 0.496972 0.023729 0.053944
15 0.933081 0.415722 0.025901 0.051037
1 0.942828 0.282449 0.021396 0.049343
10 0.221544 0.292611 0.020609 0.024741
