20 0.698878 0.411259 0.027828 0.054426
5 0.417797 0.225389 0.029354 0.040241
6 0.341789 0.284366 0.022891 0.029843
18 0.331995 0.344838 0.018323 0.039083
0 0.327466 0.157676 0.026057 0.034519
4 0.249490 0.203500 0.019646 0.025278
7 0.221099 0.388398 0.024792 0.035630
11 0.222451 0.256662 0.017703 0.028528
14 0.213328 0.327699 0.020927 0.034472
8 0.060753 0.527194 0.024620 0.050667
12 0.048169 0.375634 0.022286 0.036972
17 0.857201 0.545565 0.028943 0.052333
16 0.866021 0.436407 0.023219 0.052333
15 0.870208 0.357347 0.028229 0.048306
1 0.880182 0.227329 0.022469 0.044065
10 0.170148 0.246472 0.020609 0.024741
