20 0.709247 0.426889 0.027828 0.054426
5 0.426479 0.235935 0.029354 0.040241
6 0.354404 0.295245 0.022891 0.029843
18 0.338427 0.358389 0.018323 0.039074
0 0.340120 0.168917 0.026062 0.034519
4 0.262917 0.212861 0.019646 0.025278
7 0.234385 0.397481 0.024792 0.035630
11 0.235383 0.263736 0.017703 0.028528
14 0.225643 0.330472 0.020922 0.034463
8 0.072315 0.537208 0.024620 0.050657
12 0.057133 0.381708 0.022286 0.036972
17 0.871576 0.559352 0.028943 0.052333
16 0.880086 0.453102 0.023214 0.052333
15 0.884750 0.370556 0.028229 0.048315
1 0.895695 0.244009 0.021807 0.047315
10 0.190948 0.265181 0.020604 0.024750
