20 0.883370 0.539444 0.027833 0.054426
5 0.560354 0.310218 0.029354 0.040250
6 0.474995 0.372532 0.022896 0.029843
18 0.441719 0.441662 0.018323 0.039083
0 0.462560 0.239074 0.026057 0.034519
4 0.380656 0.279491 0.019646 0.025278
7 0.335661 0.475926 0.024792 0.035630
11 0.347812 0.338199 0.017708 0.028528
14 0.335518 0.405139 0.020922 0.034463
8 0.169609 0.620093 0.024625 0.050667
12 0.159424 0.453579 0.022286 0.036972
13 0.095294 0.430944 0.018234 0.035889
10 0.289565 0.325685 0.020609 0.024741
