20 0.742695 0.455144 0.027828 0.054417
5 0.454513 0.259426 0.029349 0.040241
6 0.381281 0.323694 0.022896 0.029833
18 0.368945 0.385856 0.018328 0.039083
0 0.365505 0.194519 0.026062 0.034519
4 0.292016 0.237759 0.019646 0.025278
7 0.261094 0.419593 0.024792 0.035630
11 0.263565 0.291287 0.017703 0.028537
14 0.253982 0.355722 0.020922 0.034463
8 0.099576 0.557819 0.024620 0.050657
12 0.086534 0.409181 0.022286 0.036972
13 0.025112 0.393718 0.018234 0.035898
17 0.904961 0.594722 0.028943 0.052333
16 0.910661 0.480523 0.023438 0.053028
15 0.917378 0.401269 0.027234 0.049481
1 0.928526 0.271083 0.021396 0.049352
10 0.211747 0.283889 0.020609 0.024741
