20 0.884969 0.538847 0.027833 0.054417
5 0.560943 0.309620 0.029354 0.040241
6 0.475331 0.372231 0.022891 0.029833
18 0.442286 0.441593 0.018323 0.039074
0 0.463232 0.238028 0.026057 0.034519
4 0.380068 0.278593 0.019646 0.025278
7 0.336833 0.475722 0.024792 0.035630
11 0.347643 0.337454 0.017703 0.028537
14 0.335602 0.404394 0.020922 0.034472
8 0.169021 0.620394 0.024625 0.050657
12 0.158586 0.452681 0.022286 0.036972
13 0.094370 0.430644 0.018229 0.035898
10 0.290398 0.324694 0.020609 0.024741
