20 0.697536 0.404444 0.027833 0.054426
5 0.416424 0.220796 0.029349 0.040241
6 0.336878 0.281181 0.022891 0.029843
18 0.331883 0.340532 0.018328 0.039083
0 0.322258 0.153852 0.026057 0.034519
4 0.245167 0.200981 0.019646 0.025278
7 0.215453 0.384389 0.024792 0.035630
11 0.217651 0.256968 0.017708 0.028528
14 0.209380 0.329574 0.020927 0.034463
8 0.056932 0.524463 0.024625 0.050667
12 0.047107 0.374856 0.022286 0.036972
17 0.852352 0.540824 0.028943 0.052333
16 0.860500 0.427519 0.023219 0.052333
15 0.865042 0.352963 0.028229 0.048315
1 0.874622 0.219620 0.022880 0.042037
10 0.166247 0.242704 0.020609 0.024741
