20 0.697268 0.403083 0.027828 0.054426
5 0.415880 0.220356 0.029354 0.040250
6 0.337023 0.280912 0.022891 0.029843
18 0.331161 0.340208 0.018323 0.039083
0 0.321971 0.153852 0.026057 0.034519
4 0.245115 0.200537 0.019646 0.025278
7 0.215651 0.384125 0.024792 0.035620
11 0.217701 0.256264 0.017703 0.028528
14 0.209578 0.328611 0.020927 0.034463
8 0.056453 0.524167 0.024625 0.050667
12 0.046164 0.374421 0.022286 0.036972
17 0.851383 0.539870 0.028943 0.052333
16 0.859393 0.425741 0.023214 0.052333
15 0.864005 0.352088 0.028229 0.048306
1 0.873513 0.218079 0.022964 0.041620
10 0.165922 0.242343 0.020604 0.024741
