20 0.627365 0.367079 0.027833 0.054417
5 0.344547 0.190000 0.029354 0.040241
6 0.263435 0.253218 0.022891 0.029843
18 0.250341 0.319681 0.018328 0.039083
0 0.249628 0.121398 0.026057 0.034519
4 0.170328 0.171278 0.019646 0.025278
7 0.140349 0.361083 0.024792 0.035630
11 0.145049 0.227060 0.017703 0.028528
14 0.135573 0.291032 0.020927 0.034472
17 0.783422 0.498481 0.028948 0.052333
16 0.791685 0.391153 0.023214 0.052343
15 0.795461 0.304333 0.028224 0.048315
1 0.803826 0.179685 0.022964 0.041630
20 0.967224 0.421231 0.029677 0.061574
10 0.086852 0.217167 0.020609 0.024741
