20 0.664706 0.379352 0.027828 0.054426
5 0.383531 0.200509 0.029354 0.040241
6 0.307237 0.263667 0.022891 0.029833
18 0.296091 0.326667 0.018328 0.039074
0 0.290138 0.135935 0.026057 0.034519
4 0.213964 0.181648 0.019646 0.025278
7 0.191068 0.366324 0.024792 0.035630
11 0.187742 0.238505 0.017703 0.028528
14 0.178357 0.300176 0.020922 0.034463
8 0.024563 0.513134 0.024552 0.050657
12 0.010760 0.355088 0.021302 0.036972
17 0.819591 0.518991 0.028943 0.052333
16 0.824948 0.414824 0.023219 0.052333
15 0.831339 0.326227 0.028229 0.048306
1 0.840201 0.197236 0.022964 0.041620
10 0.133422 0.227352 0.020604 0.024741
