20 0.656810 0.375241 0.027828 0.054426
5 0.374615 0.198528 0.029354 0.040241
6 0.298432 0.259903 0.022896 0.029843
18 0.288625 0.324486 0.018323 0.039083
0 0.280443 0.133167 0.026063 0.034519
4 0.203935 0.179667 0.019641 0.025278
7 0.180927 0.365130 0.024792 0.035630
11 0.178716 0.236727 0.017703 0.028528
14 0.169443 0.298398 0.020927 0.034463
8 0.015331 0.511745 0.024516 0.050657
12 0.007706 0.357227 0.015380 0.036972
17 0.811310 0.514880 0.028943 0.052333
16 0.816284 0.409343 0.023214 0.052333
15 0.822479 0.319380 0.028229 0.048315
1 0.830378 0.194157 0.022964 0.041630
10 0.123669 0.225699 0.020609 0.024750
