20 0.688924 0.398519 0.027828 0.054426
5 0.408474 0.213125 0.029354 0.040250
6 0.334201 0.276523 0.022891 0.029843
18 0.321091 0.335616 0.018328 0.039083
0 0.316641 0.150139 0.026063 0.034519
4 0.241510 0.193593 0.019646 0.025278
7 0.215469 0.378019 0.024792 0.035630
11 0.214406 0.248060 0.017708 0.028528
14 0.206672 0.315722 0.020927 0.034463
8 0.049740 0.520037 0.024625 0.050667
12 0.035107 0.367477 0.022286 0.036972
17 0.844003 0.534454 0.028943 0.052333
16 0.853297 0.424315 0.023219 0.052333
15 0.856464 0.341819 0.028229 0.048306
1 0.866292 0.215227 0.022958 0.041620
10 0.161372 0.237333 0.020609 0.024741
