20 0.663388 0.378667 0.027828 0.054426
5 0.382042 0.200181 0.029354 0.040250
6 0.305768 0.263042 0.022891 0.029843
18 0.294846 0.326306 0.018328 0.039074
0 0.288521 0.135477 0.026062 0.034509
4 0.212292 0.181315 0.019646 0.025278
7 0.189380 0.366120 0.024792 0.035630
11 0.186237 0.238208 0.017703 0.028528
14 0.176872 0.299880 0.020922 0.034463
8 0.023023 0.512903 0.024547 0.050657
12 0.010250 0.355449 0.020313 0.036972
17 0.818211 0.518306 0.028943 0.052333
16 0.823505 0.413907 0.023219 0.052333
15 0.829859 0.325083 0.028229 0.048315
1 0.838565 0.196722 0.022964 0.041630
10 0.131794 0.227074 0.020609 0.024741
