20 0.638664 0.369551 0.027828 0.054417
5 0.355328 0.194634 0.029354 0.040250
6 0.280523 0.256273 0.022891 0.029843
18 0.267393 0.321551 0.018328 0.039083
0 0.261273 0.125681 0.026057 0.034509
4 0.184745 0.174880 0.019646 0.025278
7 0.159042 0.362167 0.024792 0.035630
11 0.157437 0.231324 0.017708 0.028537
14 0.149341 0.293231 0.020922 0.034463
17 0.793615 0.505046 0.028948 0.052333
16 0.799596 0.397926 0.023214 0.052333
15 0.804932 0.308569 0.028229 0.048306
1 0.810682 0.188301 0.022969 0.041620
20 0.977776 0.428495 0.025052 0.063639
10 0.101896 0.221102 0.020604 0.024741
