20 0.628128 0.367722 0.027828 0.054426
5 0.345193 0.192681 0.029354 0.040250
6 0.267305 0.253708 0.022891 0.029843
18 0.256146 0.319190 0.018323 0.039083
0 0.250706 0.121398 0.026057 0.034519
4 0.171620 0.170889 0.019646 0.025278
7 0.144219 0.360833 0.024792 0.035630
11 0.145695 0.227819 0.017703 0.028528
14 0.136865 0.291796 0.020927 0.034463
17 0.783987 0.499083 0.028943 0.052333
16 0.791604 0.391759 0.023219 0.052333
15 0.796026 0.304532 0.028229 0.048306
1 0.803029 0.183935 0.022964 0.041630
20 0.969740 0.422287 0.029677 0.061574
10 0.088336 0.217167 0.020609 0.024741
