20 0.681008 0.389106 0.027828 0.054417
5 0.399872 0.204139 0.029349 0.040241
6 0.323375 0.270569 0.022896 0.029843
18 0.309779 0.330662 0.018328 0.039083
0 0.307911 0.141028 0.026063 0.034519
4 0.232349 0.185278 0.019646 0.025278
7 0.209661 0.368500 0.024792 0.035630
11 0.204289 0.241773 0.017703 0.028528
14 0.194701 0.303444 0.020922 0.034463
8 0.041487 0.515676 0.024620 0.050667
12 0.025534 0.359884 0.022286 0.036972
17 0.834482 0.524472 0.028943 0.052333
16 0.841797 0.421269 0.023219 0.052333
15 0.845552 0.336208 0.028229 0.048306
1 0.857143 0.204769 0.022964 0.041630
10 0.147398 0.231204 0.020609 0.024741
