20 0.672602 0.383458 0.027828 0.054417
5 0.392443 0.202491 0.029354 0.040241
6 0.316039 0.267431 0.022891 0.029843
18 0.303555 0.328847 0.018328 0.039083
0 0.299831 0.138713 0.026057 0.034519
4 0.223995 0.183630 0.019646 0.025278
7 0.201208 0.367509 0.024792 0.035630
11 0.196768 0.240292 0.017703 0.028528
14 0.187273 0.301963 0.020922 0.034463
8 0.033794 0.514519 0.024589 0.050667
12 0.018846 0.358958 0.022286 0.036972
17 0.827870 0.523102 0.028948 0.052333
16 0.833615 0.420301 0.023219 0.052343
15 0.840193 0.333069 0.028229 0.048306
1 0.850018 0.200315 0.022964 0.041630
10 0.142523 0.229139 0.020609 0.024741
