20 0.667336 0.380718 0.027828 0.054417
5 0.386500 0.201171 0.029354 0.040250
6 0.310169 0.264921 0.022891 0.029843
18 0.298578 0.327394 0.018323 0.039083
0 0.293370 0.136861 0.026062 0.034519
4 0.217307 0.182306 0.019646 0.025278
7 0.194448 0.366718 0.024792 0.035620
11 0.190753 0.239097 0.017703 0.028528
14 0.181328 0.300773 0.020927 0.034472
8 0.027641 0.513597 0.024563 0.050657
12 0.012831 0.355523 0.022286 0.036972
17 0.822352 0.520361 0.028943 0.052333
16 0.827836 0.416648 0.023214 0.052333
15 0.834292 0.328509 0.028229 0.048315
1 0.843471 0.198259 0.022964 0.041630
10 0.136672 0.227898 0.020604 0.024741
