20 0.690208 0.400231 0.027833 0.054426
5 0.409995 0.214981 0.029354 0.040241
6 0.336208 0.277662 0.022896 0.029843
18 0.323250 0.336597 0.018323 0.039083
0 0.318164 0.151991 0.026057 0.034519
4 0.243115 0.195306 0.019646 0.025278
7 0.216354 0.380019 0.024792 0.035630
11 0.216253 0.249347 0.017703 0.028528
14 0.208917 0.318296 0.020927 0.034463
8 0.051180 0.520926 0.024620 0.050667
12 0.036872 0.369190 0.022286 0.036972
17 0.845766 0.536593 0.028948 0.052333
16 0.855383 0.425028 0.023214 0.052333
15 0.858630 0.342958 0.028229 0.048306
1 0.867977 0.217222 0.022964 0.041630
10 0.162346 0.238407 0.020609 0.024741
