20 0.628271 0.367843 0.027833 0.054426
5 0.345313 0.193181 0.029354 0.040250
6 0.268029 0.253801 0.022891 0.029843
18 0.257234 0.319097 0.018323 0.039083
0 0.250909 0.121398 0.026057 0.034519
4 0.171865 0.170824 0.019646 0.025278
7 0.144948 0.360787 0.024792 0.035630
11 0.145815 0.227968 0.017703 0.028528
14 0.137107 0.291944 0.020922 0.034463
17 0.784094 0.499194 0.028948 0.052333
16 0.791589 0.391870 0.023219 0.052333
15 0.796135 0.304569 0.028229 0.048306
1 0.802878 0.184731 0.022964 0.041630
20 0.970208 0.422481 0.029677 0.061574
10 0.088617 0.217167 0.020609 0.024741
