20 0.675232 0.384829 0.027828 0.054417
5 0.395417 0.203153 0.029354 0.040250
6 0.318971 0.268685 0.022891 0.029833
18 0.306044 0.329574 0.018328 0.039074
0 0.303065 0.139639 0.026057 0.034519
4 0.227333 0.184287 0.019646 0.025278
7 0.204589 0.367907 0.024792 0.035630
11 0.199779 0.240884 0.017703 0.028528
14 0.190245 0.302556 0.020927 0.034463
8 0.036872 0.514981 0.024599 0.050667
12 0.021523 0.361069 0.022286 0.036972
17 0.830630 0.524472 0.028948 0.052333
16 0.836500 0.422125 0.023219 0.052343
15 0.843146 0.335352 0.028229 0.048315
1 0.853294 0.201343 0.022964 0.041630
10 0.144471 0.229963 0.020609 0.024741
