20 0.692214 0.402083 0.027833 0.054426
5 0.412068 0.217273 0.029354 0.040250
6 0.338065 0.279069 0.022891 0.029843
18 0.326128 0.337912 0.018328 0.039083
0 0.319974 0.153852 0.026062 0.034519
4 0.244771 0.197463 0.019646 0.025278
7 0.217036 0.382278 0.024792 0.035630
11 0.218047 0.251333 0.017708 0.028537
14 0.210966 0.321829 0.020922 0.034472
8 0.053096 0.522102 0.024620 0.050667
12 0.039581 0.371338 0.022286 0.036972
17 0.848013 0.538870 0.028943 0.052333
16 0.857708 0.425741 0.023219 0.052333
15 0.861198 0.345102 0.028229 0.048315
1 0.870143 0.219079 0.022964 0.041620
10 0.163648 0.239843 0.020609 0.024741
