20 0.655495 0.374556 0.027833 0.054426
5 0.373130 0.198199 0.029354 0.040250
6 0.296966 0.259273 0.022891 0.029843
18 0.287380 0.324125 0.018323 0.039083
0 0.278826 0.132704 0.026057 0.034519
4 0.202266 0.179333 0.019646 0.025278
7 0.179240 0.364935 0.024792 0.035630
11 0.177211 0.236426 0.017703 0.028537
14 0.167958 0.298102 0.020927 0.034463
8 0.013792 0.511519 0.024510 0.050667
17 0.809930 0.514194 0.028943 0.052333
16 0.814839 0.408435 0.023219 0.052333
15 0.821005 0.318236 0.028229 0.048306
1 0.828742 0.193639 0.022964 0.041630
10 0.122044 0.225426 0.020609 0.024741
