20 0.627935 0.367565 0.027828 0.054426
5 0.345031 0.192009 0.029354 0.040241
6 0.266336 0.253588 0.022891 0.029843
18 0.254695 0.319315 0.018328 0.039074
0 0.250438 0.121398 0.026063 0.034519
4 0.171297 0.170991 0.019646 0.025278
7 0.143250 0.360898 0.024792 0.035630
11 0.145534 0.227634 0.017703 0.028528
14 0.136542 0.291606 0.020927 0.034472
17 0.783846 0.498935 0.028943 0.052333
16 0.791625 0.391606 0.023219 0.052343
15 0.795885 0.304481 0.028229 0.048315
1 0.803227 0.182870 0.022964 0.041630
20 0.969109 0.422023 0.029677 0.061565
10 0.087966 0.217167 0.020609 0.024741
