20 0.659443 0.376611 0.027833 0.054426
5 0.377586 0.199190 0.029349 0.040250
6 0.301367 0.261157 0.022891 0.029833
18 0.291112 0.325218 0.018328 0.039083
0 0.283674 0.134093 0.026057 0.034519
4 0.207276 0.180324 0.019646 0.025278
7 0.184307 0.365528 0.024792 0.035630
11 0.181727 0.237319 0.017703 0.028528
14 0.172414 0.298991 0.020922 0.034463
8 0.018406 0.512208 0.024531 0.050657
12 0.008724 0.356514 0.017354 0.036972
17 0.814070 0.516250 0.028943 0.052333
16 0.819172 0.411171 0.023219 0.052343
15 0.825432 0.321662 0.028229 0.048306
1 0.833654 0.195181 0.022964 0.041620
10 0.126919 0.226250 0.020609 0.024741
