20 0.636615 0.369231 0.027833 0.054426
5 0.353349 0.194444 0.029354 0.040241
6 0.278169 0.255792 0.022891 0.029843
18 0.265581 0.321042 0.018328 0.039083
0 0.259240 0.124824 0.026062 0.034519
4 0.182216 0.174056 0.019641 0.025278
7 0.156370 0.361884 0.024792 0.035620
11 0.155138 0.230681 0.017703 0.028528
14 0.146943 0.293000 0.020927 0.034463
17 0.791732 0.503898 0.028943 0.052333
16 0.797992 0.396736 0.023214 0.052343
15 0.803193 0.307778 0.028229 0.048315
1 0.808706 0.187745 0.022964 0.041620
20 0.975620 0.426644 0.026594 0.062954
10 0.099852 0.220500 0.020609 0.024741
