20 0.688070 0.397380 0.027828 0.054426
5 0.407456 0.211889 0.029349 0.040241
6 0.332865 0.275759 0.022896 0.029833
18 0.319654 0.334958 0.018328 0.039083
0 0.315625 0.148903 0.026062 0.034509
4 0.240440 0.192454 0.019641 0.025278
7 0.214880 0.376685 0.024792 0.035630
11 0.213174 0.247208 0.017703 0.028528
14 0.205172 0.314014 0.020927 0.034472
8 0.048779 0.519449 0.024620 0.050657
12 0.033930 0.366333 0.022286 0.036963
17 0.842826 0.533028 0.028943 0.052333
16 0.851906 0.423838 0.023219 0.052343
15 0.855021 0.341060 0.028229 0.048306
1 0.865169 0.213898 0.022964 0.041630
10 0.160070 0.236565 0.020609 0.024741
