20 0.683789 0.391676 0.027828 0.054426
5 0.402375 0.205708 0.029354 0.040250
6 0.326180 0.271958 0.022891 0.029843
18 0.312461 0.331681 0.018328 0.039083
0 0.310544 0.142722 0.026057 0.034519
4 0.235091 0.186750 0.019641 0.025278
7 0.211938 0.370028 0.024792 0.035630
11 0.207023 0.242931 0.017703 0.028528
14 0.197685 0.305454 0.020922 0.034463
8 0.043987 0.516495 0.024620 0.050657
12 0.028049 0.360625 0.022286 0.036972
17 0.836940 0.525898 0.028943 0.052333
16 0.844953 0.421463 0.023219 0.052333
15 0.847802 0.337255 0.028229 0.048306
1 0.859555 0.207241 0.022964 0.041630
10 0.150320 0.232440 0.020609 0.024750
