20 0.673914 0.384144 0.027828 0.054417
5 0.393930 0.202819 0.029349 0.040250
6 0.317508 0.268060 0.022891 0.029843
18 0.304799 0.329208 0.018328 0.039083
0 0.301448 0.139176 0.026062 0.034519
4 0.225664 0.183954 0.019641 0.025278
7 0.202901 0.367708 0.024792 0.035620
11 0.198273 0.240588 0.017703 0.028528
14 0.188758 0.302259 0.020922 0.034463
8 0.035333 0.514750 0.024594 0.050667
12 0.020185 0.360014 0.022286 0.036972
17 0.829250 0.523787 0.028948 0.052333
16 0.835057 0.421213 0.023219 0.052333
15 0.841672 0.334213 0.028229 0.048315
1 0.851659 0.200829 0.022964 0.041620
10 0.143497 0.229551 0.020609 0.024750
