20 0.627794 0.367444 0.027828 0.054426
5 0.344909 0.191509 0.029349 0.040241
6 0.265612 0.253495 0.022891 0.029843
18 0.253607 0.319407 0.018328 0.039074
0 0.250234 0.121398 0.026063 0.034519
4 0.171057 0.171065 0.019646 0.025278
7 0.142526 0.360944 0.024792 0.035630
11 0.145411 0.227486 0.017708 0.028528
14 0.136297 0.291463 0.020927 0.034463
17 0.783740 0.498824 0.028948 0.052333
16 0.791641 0.391491 0.023219 0.052333
15 0.795781 0.304444 0.028229 0.048315
1 0.803378 0.182074 0.022964 0.041630
20 0.968641 0.421824 0.029677 0.061574
10 0.087688 0.217167 0.020604 0.024741
