20 0.685073 0.393384 0.027833 0.054417
5 0.403901 0.207565 0.029354 0.040241
6 0.328185 0.273097 0.022891 0.029843
18 0.314617 0.332662 0.018328 0.039083
0 0.312068 0.144574 0.026063 0.034519
4 0.236698 0.188463 0.019646 0.025278
7 0.212823 0.372028 0.024792 0.035630
11 0.208870 0.244208 0.017708 0.028528
14 0.199932 0.308023 0.020927 0.034472
8 0.045424 0.517380 0.024620 0.050667
12 0.029815 0.362338 0.022286 0.036972
17 0.838706 0.528037 0.028943 0.052333
16 0.847036 0.422176 0.023219 0.052333
15 0.849969 0.338398 0.028229 0.048315
1 0.861237 0.209236 0.022964 0.041620
10 0.153247 0.233676 0.020609 0.024741
