20 0.627888 0.367523 0.027828 0.054417
5 0.344990 0.191843 0.029354 0.040241
6 0.266094 0.253556 0.022896 0.029833
18 0.254331 0.319347 0.018328 0.039083
0 0.250370 0.121398 0.026063 0.034519
4 0.171219 0.171009 0.019646 0.025278
7 0.143010 0.360917 0.024792 0.035630
11 0.145492 0.227579 0.017703 0.028528
14 0.136458 0.291556 0.020927 0.034463
17 0.783810 0.498898 0.028943 0.052333
16 0.791630 0.391565 0.023219 0.052333
15 0.795849 0.304472 0.028229 0.048315
1 0.803279 0.182606 0.022964 0.041620
20 0.968953 0.421958 0.029677 0.061565
10 0.087872 0.217167 0.020609 0.024741
