20 0.628221 0.367806 0.027828 0.054426
5 0.345271 0.193014 0.029354 0.040250
6 0.267786 0.253773 0.022896 0.029843
18 0.256872 0.319130 0.018328 0.039074
0 0.250841 0.121398 0.026057 0.034519
4 0.171781 0.170843 0.019646 0.025278
7 0.144703 0.360806 0.024792 0.035630
11 0.145773 0.227921 0.017703 0.028528
14 0.137026 0.291894 0.020927 0.034472
17 0.784060 0.499157 0.028943 0.052333
16 0.791594 0.391833 0.023219 0.052333
15 0.796099 0.304560 0.028229 0.048306
1 0.802930 0.184463 0.022964 0.041630
20 0.970052 0.422417 0.029677 0.061574
10 0.088523 0.217167 0.020609 0.024741
