20 0.687211 0.396236 0.027828 0.054417
5 0.406440 0.210653 0.029349 0.040250
6 0.331529 0.274995 0.022891 0.029843
18 0.318216 0.334306 0.018328 0.039074
0 0.314607 0.147667 0.026057 0.034519
4 0.239370 0.191315 0.019646 0.025278
7 0.214292 0.375352 0.024792 0.035630
11 0.211945 0.246347 0.017703 0.028528
14 0.203674 0.312306 0.020922 0.034463
8 0.047820 0.518856 0.024620 0.050657
12 0.032755 0.365190 0.022292 0.036972
17 0.841648 0.531602 0.028943 0.052333
16 0.850516 0.423361 0.023219 0.052333
15 0.853578 0.340296 0.028229 0.048315
1 0.864044 0.212565 0.022964 0.041630
10 0.158122 0.235741 0.020609 0.024741
