20 0.684646 0.392815 0.027833 0.054426
5 0.403391 0.206944 0.029354 0.040241
6 0.327518 0.272718 0.022891 0.029843
18 0.313898 0.332338 0.018328 0.039083
0 0.311560 0.143958 0.026057 0.034509
4 0.236161 0.187889 0.019646 0.025278
7 0.212526 0.371361 0.024792 0.035630
11 0.208255 0.243782 0.017708 0.028528
14 0.199182 0.307167 0.020927 0.034463
8 0.044945 0.517088 0.024620 0.050657
12 0.029227 0.361769 0.022286 0.036963
17 0.838117 0.527324 0.028943 0.052333
16 0.846344 0.421935 0.023219 0.052333
15 0.849245 0.338014 0.028229 0.048306
1 0.860674 0.208569 0.022964 0.041620
10 0.152273 0.233264 0.020609 0.024750
