20 0.628414 0.367963 0.027828 0.054426
5 0.345432 0.193685 0.029354 0.040241
6 0.268753 0.253894 0.022891 0.029843
18 0.258323 0.319005 0.018323 0.039083
0 0.251109 0.121398 0.026062 0.034519
4 0.172104 0.170750 0.019646 0.025278
7 0.145672 0.360741 0.024792 0.035630
11 0.145935 0.228106 0.017703 0.028528
14 0.137349 0.292083 0.020927 0.034463
17 0.784201 0.499315 0.028943 0.052333
16 0.791573 0.391981 0.023219 0.052333
15 0.796240 0.304606 0.028229 0.048306
1 0.802732 0.185528 0.022964 0.041630
20 0.970682 0.422681 0.029677 0.061565
10 0.091680 0.218074 0.020609 0.024741
