20 0.627841 0.367481 0.027828 0.054426
5 0.344948 0.191676 0.029354 0.040241
6 0.265852 0.253523 0.022891 0.029843
18 0.253969 0.319375 0.018323 0.039083
0 0.250302 0.121398 0.026063 0.034519
4 0.171135 0.171037 0.019646 0.025278
7 0.142771 0.360926 0.024792 0.035630
11 0.145451 0.227532 0.017703 0.028528
14 0.136380 0.291509 0.020927 0.034463
17 0.783776 0.498861 0.028948 0.052333
16 0.791635 0.391528 0.023219 0.052333
15 0.795813 0.304458 0.028229 0.048306
1 0.803326 0.182343 0.022964 0.041630
20 0.968797 0.421889 0.029677 0.061574
10 0.087779 0.217167 0.020609 0.024741
