20 0.679083 0.387681 0.027833 0.054417
5 0.398385 0.203810 0.029354 0.040250
6 0.321909 0.269940 0.022891 0.029843
18 0.308534 0.330301 0.018328 0.039083
0 0.306294 0.140565 0.026057 0.034519
4 0.230677 0.184944 0.019646 0.025278
7 0.207969 0.368306 0.024792 0.035630
11 0.202786 0.241477 0.017708 0.028528
14 0.193216 0.303148 0.020922 0.034463
8 0.039951 0.515444 0.024609 0.050667
12 0.024195 0.360282 0.022286 0.036972
17 0.833198 0.524472 0.028948 0.052333
16 0.840031 0.421556 0.023219 0.052333
15 0.844750 0.335926 0.028229 0.048315
1 0.855862 0.203625 0.022964 0.041620
10 0.146422 0.230787 0.020604 0.024741
