20 0.632513 0.368597 0.027828 0.054417
5 0.349391 0.194065 0.029354 0.040241
6 0.273461 0.254847 0.022891 0.029843
18 0.261951 0.320023 0.018328 0.039083
0 0.255174 0.123111 0.026057 0.034519
4 0.177161 0.172398 0.019646 0.025278
7 0.151021 0.361315 0.024792 0.035630
11 0.150536 0.229394 0.017708 0.028528
14 0.142146 0.292546 0.020927 0.034463
17 0.787966 0.501602 0.028943 0.052333
16 0.794781 0.394361 0.023219 0.052333
15 0.799714 0.306194 0.028229 0.048315
1 0.804758 0.186634 0.022964 0.041620
20 0.971310 0.422944 0.029682 0.061574
10 0.095768 0.219287 0.020609 0.024741
