20 0.668654 0.381403 0.027828 0.054417
5 0.387984 0.201500 0.029354 0.040241
6 0.311638 0.265551 0.022891 0.029843
18 0.299823 0.327755 0.018323 0.039083
0 0.294984 0.137324 0.026062 0.034519
4 0.218979 0.182639 0.019646 0.025278
7 0.196141 0.366917 0.024792 0.035630
11 0.192255 0.239394 0.017708 0.028528
14 0.182815 0.301069 0.020922 0.034472
8 0.029180 0.513824 0.024568 0.050667
12 0.014393 0.356319 0.022286 0.036972
17 0.823732 0.521046 0.028943 0.052333
16 0.829281 0.417565 0.023219 0.052333
15 0.835766 0.329648 0.028229 0.048315
1 0.845112 0.198778 0.022964 0.041630
10 0.138297 0.228176 0.020604 0.024741
