20 0.627984 0.367602 0.027833 0.054426
5 0.345073 0.192176 0.029354 0.040241
6 0.266576 0.253616 0.022891 0.029843
18 0.255057 0.319282 0.018323 0.039083
0 0.250503 0.121398 0.026057 0.034519
4 0.171380 0.170963 0.019646 0.025278
7 0.143495 0.360880 0.024792 0.035630
11 0.145573 0.227681 0.017708 0.028528
14 0.136620 0.291657 0.020927 0.034463
17 0.783883 0.498972 0.028943 0.052333
16 0.791620 0.391644 0.023219 0.052343
15 0.795922 0.304495 0.028229 0.048306
1 0.803180 0.183139 0.022964 0.041630
20 0.969266 0.422088 0.029677 0.061565
10 0.088060 0.217167 0.020609 0.024741
