20 0.698073 0.407171 0.027833 0.054417
5 0.416974 0.222630 0.029354 0.040241
6 0.338841 0.282454 0.022891 0.029833
18 0.331927 0.342255 0.018323 0.039083
0 0.324341 0.155380 0.026057 0.034519
4 0.246896 0.201991 0.019646 0.025278
7 0.217708 0.385991 0.024792 0.035630
11 0.219570 0.256847 0.017703 0.028528
14 0.210958 0.328824 0.020927 0.034463
8 0.058461 0.525556 0.024620 0.050667
12 0.047534 0.375171 0.022286 0.036972
17 0.854292 0.542722 0.028948 0.052333
16 0.862708 0.431074 0.023219 0.052333
15 0.867109 0.354718 0.028229 0.048306
1 0.876846 0.222708 0.022714 0.042843
10 0.166898 0.243417 0.020609 0.024741
