20 0.654180 0.373875 0.027828 0.054417
5 0.371643 0.197870 0.029349 0.040241
6 0.295497 0.258648 0.022891 0.029833
18 0.286135 0.323764 0.018323 0.039083
0 0.277211 0.132241 0.026057 0.034519
4 0.200594 0.179000 0.019646 0.025278
7 0.177547 0.364741 0.024792 0.035630
11 0.175708 0.236125 0.017708 0.028528
14 0.166471 0.297801 0.020922 0.034472
8 0.012253 0.511287 0.024505 0.050667
17 0.808549 0.513519 0.028943 0.052333
16 0.813396 0.407519 0.023219 0.052333
15 0.819526 0.317097 0.028229 0.048306
1 0.827107 0.193130 0.022964 0.041630
20 0.992870 0.441454 0.014260 0.068463
10 0.120419 0.225148 0.020609 0.024741
