20 0.686784 0.395667 0.027828 0.054426
5 0.405932 0.210037 0.029354 0.040241
6 0.330859 0.274616 0.022896 0.029843
18 0.317495 0.333977 0.018323 0.039083
0 0.314099 0.147046 0.026063 0.034519
4 0.238833 0.190741 0.019646 0.025278
7 0.214000 0.374690 0.024792 0.035620
11 0.211331 0.245921 0.017703 0.028528
14 0.202927 0.311444 0.020927 0.034463
8 0.047341 0.518565 0.024620 0.050667
12 0.032167 0.364625 0.022292 0.036972
17 0.841060 0.530889 0.028943 0.052333
16 0.849820 0.423125 0.023214 0.052343
15 0.852854 0.339917 0.028229 0.048315
1 0.863482 0.211898 0.022964 0.041630
10 0.157148 0.235329 0.020609 0.024750
