20 0.647891 0.370977 0.027833 0.054417
5 0.364234 0.195491 0.029354 0.040241
6 0.291112 0.258412 0.022891 0.029843
18 0.277284 0.323449 0.018328 0.039083
0 0.270419 0.129528 0.026057 0.034519
4 0.196120 0.178593 0.019646 0.025278
7 0.171078 0.363454 0.024792 0.035630
11 0.169305 0.234514 0.017703 0.028528
14 0.160138 0.294264 0.020922 0.034472
8 0.012253 0.511287 0.024505 0.050667
17 0.802089 0.510204 0.028948 0.052333
16 0.806818 0.403278 0.023219 0.052333
15 0.812755 0.312134 0.028229 0.048306
1 0.819570 0.190796 0.022964 0.041630
20 0.987479 0.436824 0.018115 0.066741
10 0.112294 0.223773 0.020609 0.024750
