20 0.685930 0.394528 0.027828 0.054426
5 0.404917 0.208796 0.029354 0.040241
6 0.329523 0.273856 0.022891 0.029843
18 0.316057 0.333319 0.018323 0.039083
0 0.313083 0.145815 0.026062 0.034519
4 0.237766 0.189602 0.019646 0.025278
7 0.213411 0.373361 0.024792 0.035630
11 0.210102 0.245069 0.017703 0.028528
14 0.201430 0.309731 0.020922 0.034463
8 0.046383 0.517972 0.024620 0.050667
12 0.030992 0.363481 0.022286 0.036963
17 0.839883 0.529463 0.028943 0.052333
16 0.848430 0.422648 0.023214 0.052333
15 0.851411 0.339157 0.028229 0.048315
1 0.862362 0.210565 0.022964 0.041630
10 0.155195 0.234500 0.020609 0.024741
