20 0.627602 0.367282 0.027828 0.054417
5 0.344747 0.190838 0.029349 0.040250
6 0.264643 0.253375 0.022891 0.029843
18 0.252154 0.319532 0.018328 0.039083
0 0.249966 0.121398 0.026057 0.034519
4 0.170734 0.171157 0.019646 0.025278
7 0.141557 0.361005 0.024792 0.035620
11 0.145250 0.227292 0.017708 0.028528
14 0.135974 0.291269 0.020927 0.034463
17 0.783599 0.498667 0.028948 0.052333
16 0.791661 0.391343 0.023219 0.052333
15 0.795635 0.304394 0.028229 0.048306
1 0.803576 0.181014 0.022964 0.041620
20 0.968010 0.421565 0.029677 0.061574
10 0.087315 0.217167 0.020609 0.024741
