20 0.651549 0.372505 0.027828 0.054417
5 0.368432 0.196727 0.029354 0.040250
6 0.293893 0.258648 0.022891 0.029833
18 0.282596 0.323639 0.018328 0.039074
0 0.274323 0.131102 0.026063 0.034519
4 0.198990 0.179000 0.019646 0.025278
7 0.174984 0.364167 0.024792 0.035630
11 0.173461 0.235560 0.017703 0.028528
14 0.163904 0.296093 0.020922 0.034463
8 0.012253 0.511287 0.024505 0.050667
17 0.805789 0.512148 0.028943 0.052333
16 0.810508 0.405694 0.023214 0.052333
15 0.816573 0.314815 0.028229 0.048315
1 0.823831 0.192102 0.022964 0.041630
20 0.990714 0.439602 0.015802 0.067778
10 0.117169 0.224597 0.020609 0.024750
