20 0.694380 0.402514 0.027833 0.054417
5 0.413701 0.218593 0.029349 0.040241
6 0.337620 0.279856 0.022896 0.029843
18 0.328284 0.338894 0.018328 0.039083
0 0.320831 0.153852 0.026057 0.034519
4 0.244917 0.198778 0.019646 0.025278
7 0.216443 0.383065 0.024792 0.035630
11 0.217898 0.253449 0.017703 0.028528
14 0.210372 0.324731 0.020922 0.034463
8 0.054534 0.522991 0.024620 0.050667
12 0.042404 0.372662 0.022286 0.036972
17 0.849456 0.539306 0.028943 0.052333
16 0.858432 0.425741 0.023219 0.052333
15 0.862401 0.348093 0.028229 0.048315
1 0.871586 0.218648 0.022964 0.041630
10 0.164622 0.240912 0.020609 0.024750
