20 0.658128 0.375926 0.027828 0.054426
5 0.376099 0.198861 0.029354 0.040241
6 0.299898 0.260532 0.022891 0.029843
18 0.289870 0.324852 0.018323 0.039074
0 0.282060 0.133630 0.026057 0.034519
4 0.205607 0.179991 0.019641 0.025278
7 0.182620 0.365333 0.024792 0.035630
11 0.180221 0.237023 0.017703 0.028528
14 0.170930 0.298694 0.020922 0.034463
8 0.016870 0.511977 0.024521 0.050657
12 0.008214 0.356875 0.016365 0.036972
17 0.812690 0.515565 0.028943 0.052333
16 0.817729 0.410259 0.023219 0.052333
15 0.823956 0.320519 0.028224 0.048315
1 0.832018 0.194667 0.022964 0.041630
10 0.125294 0.225972 0.020609 0.024741
