20 0.627651 0.367324 0.027833 0.054426
5 0.344786 0.191005 0.029354 0.040250
6 0.264883 0.253403 0.022891 0.029843
18 0.252518 0.319500 0.018328 0.039074
0 0.250034 0.121398 0.026057 0.034519
4 0.170813 0.171130 0.019646 0.025278
7 0.141802 0.360991 0.024792 0.035630
11 0.145289 0.227347 0.017703 0.028528
14 0.136057 0.291319 0.020927 0.034472
17 0.783633 0.498704 0.028943 0.052333
16 0.791656 0.391380 0.023219 0.052333
15 0.795672 0.304407 0.028229 0.048315
1 0.803526 0.181278 0.022969 0.041630
20 0.968167 0.421630 0.029677 0.061574
10 0.087409 0.217167 0.020609 0.024741
