20 0.639690 0.369708 0.027828 0.054417
5 0.356318 0.194731 0.029354 0.040241
6 0.281698 0.256505 0.022896 0.029843
18 0.268302 0.321801 0.018323 0.039083
0 0.262289 0.126111 0.026057 0.034519
4 0.186008 0.175287 0.019641 0.025278
7 0.160380 0.362315 0.024792 0.035630
11 0.158586 0.231644 0.017703 0.028528
14 0.150542 0.293343 0.020927 0.034463
17 0.794557 0.505620 0.028948 0.052333
16 0.800398 0.398519 0.023214 0.052333
15 0.805802 0.308968 0.028229 0.048306
1 0.811669 0.188574 0.022964 0.041630
20 0.978854 0.429421 0.024281 0.063991
10 0.102917 0.221407 0.020604 0.024741
