20 0.684216 0.392245 0.027828 0.054417
5 0.402883 0.206324 0.029349 0.040241
6 0.326846 0.272338 0.022891 0.029843
18 0.313180 0.332009 0.018328 0.039074
0 0.311052 0.143343 0.026062 0.034519
4 0.235625 0.187319 0.019646 0.025269
7 0.212234 0.370694 0.024792 0.035630
11 0.207638 0.243356 0.017703 0.028528
14 0.198435 0.306315 0.020922 0.034463
8 0.044466 0.516792 0.024620 0.050657
12 0.028638 0.361199 0.022286 0.036972
17 0.837529 0.526611 0.028943 0.052333
16 0.845646 0.421699 0.023219 0.052343
15 0.848521 0.337634 0.028229 0.048306
1 0.860112 0.207907 0.022964 0.041630
10 0.151297 0.232852 0.020604 0.024741
