20 0.693659 0.402370 0.027828 0.054426
5 0.413156 0.218153 0.029354 0.040250
6 0.337768 0.279597 0.022891 0.029843
18 0.327565 0.338569 0.018328 0.039083
0 0.320544 0.153852 0.026057 0.034519
4 0.244870 0.198343 0.019646 0.025278
7 0.216641 0.382806 0.024792 0.035630
11 0.217948 0.252745 0.017708 0.028528
14 0.210570 0.323769 0.020922 0.034463
8 0.054055 0.522694 0.024620 0.050667
12 0.041461 0.372218 0.022286 0.036972
17 0.848977 0.539157 0.028943 0.052333
16 0.858190 0.425741 0.023214 0.052333
15 0.862000 0.347097 0.028229 0.048306
1 0.871107 0.218792 0.022964 0.041620
10 0.164297 0.240556 0.020604 0.024741
