20 0.695826 0.402801 0.027828 0.054417
5 0.414792 0.219472 0.029354 0.040241
6 0.337320 0.280384 0.022891 0.029843
18 0.329724 0.339551 0.018323 0.039083
0 0.321401 0.153852 0.026062 0.034519
4 0.245016 0.199657 0.019646 0.025278
7 0.216047 0.383593 0.024792 0.035630
11 0.217799 0.254856 0.017703 0.028528
14 0.209974 0.326671 0.020927 0.034472
8 0.055492 0.523579 0.024620 0.050657
12 0.044284 0.373542 0.022286 0.036972
17 0.850419 0.539583 0.028943 0.052333
16 0.858911 0.425741 0.023219 0.052333
15 0.863203 0.350093 0.028229 0.048315
1 0.872549 0.218361 0.022964 0.041630
10 0.165273 0.241630 0.020609 0.024741
