20 0.698609 0.409898 0.027833 0.054426
5 0.417523 0.224468 0.029349 0.040250
6 0.340810 0.283727 0.022891 0.029843
18 0.331971 0.343977 0.018328 0.039083
0 0.326424 0.156907 0.026057 0.034519
4 0.248625 0.202995 0.019646 0.025269
7 0.219969 0.387593 0.024792 0.035630
11 0.221492 0.256727 0.017703 0.028528
14 0.212539 0.328074 0.020922 0.034463
8 0.059990 0.526648 0.024625 0.050667
12 0.047956 0.375477 0.022286 0.036972
17 0.856229 0.544620 0.028948 0.052333
16 0.864917 0.434630 0.023219 0.052333
15 0.869177 0.356472 0.028229 0.048315
1 0.879068 0.225792 0.022552 0.043657
10 0.167547 0.244130 0.020604 0.024741
