20 0.630464 0.368282 0.027833 0.054417
5 0.347411 0.193875 0.029354 0.040250
6 0.271107 0.254366 0.022891 0.029843
18 0.260138 0.319514 0.018328 0.039083
0 0.253143 0.122259 0.026057 0.034519
4 0.174633 0.171574 0.019641 0.025278
7 0.148344 0.361028 0.024792 0.035630
11 0.148237 0.228755 0.017703 0.028528
14 0.139747 0.292315 0.020922 0.034463
17 0.786083 0.500454 0.028948 0.052333
16 0.793177 0.393171 0.023219 0.052343
15 0.797979 0.305403 0.028229 0.048306
1 0.803742 0.186083 0.022964 0.041630
20 0.970995 0.422815 0.029677 0.061574
10 0.093724 0.218681 0.020604 0.024750
