20 0.633539 0.368759 0.027828 0.054426
5 0.350380 0.194157 0.029354 0.040241
6 0.274638 0.255079 0.022891 0.029843
18 0.262859 0.320278 0.018323 0.039074
0 0.256190 0.123537 0.026057 0.034519
4 0.178424 0.172815 0.019641 0.025278
7 0.152359 0.361454 0.024792 0.035630
11 0.151685 0.229718 0.017703 0.028528
14 0.143344 0.292657 0.020927 0.034463
17 0.788909 0.502176 0.028943 0.052333
16 0.795583 0.394954 0.023219 0.052333
15 0.800583 0.306588 0.028229 0.048306
1 0.805742 0.186912 0.022964 0.041620
20 0.972385 0.423866 0.028906 0.061917
10 0.096789 0.219593 0.020609 0.024741
