20 0.646867 0.370819 0.027828 0.054417
5 0.363245 0.195398 0.029354 0.040241
6 0.289935 0.258171 0.022891 0.029843
18 0.275516 0.323389 0.018323 0.039074
0 0.269404 0.129102 0.026057 0.034519
4 0.194854 0.178176 0.019646 0.025278
7 0.169740 0.363310 0.024792 0.035620
11 0.167398 0.234042 0.017703 0.028528
14 0.158937 0.294148 0.020927 0.034463
8 0.012253 0.511287 0.024505 0.050667
17 0.801148 0.509630 0.028943 0.052333
16 0.806016 0.402681 0.023219 0.052343
15 0.811885 0.311741 0.028229 0.048315
1 0.818586 0.190519 0.022964 0.041630
20 0.986401 0.435903 0.018885 0.066398
10 0.110669 0.223495 0.020609 0.024750
