20 0.635591 0.369074 0.027828 0.054426
5 0.352359 0.194352 0.029354 0.040241
6 0.276992 0.255560 0.022891 0.029843
18 0.264672 0.320787 0.018323 0.039074
0 0.258224 0.124398 0.026062 0.034519
4 0.180953 0.173639 0.019646 0.025278
7 0.155031 0.361741 0.024792 0.035630
11 0.153987 0.230356 0.017703 0.028528
14 0.145745 0.292889 0.020927 0.034463
17 0.790792 0.503324 0.028948 0.052333
16 0.797190 0.396144 0.023214 0.052343
15 0.802323 0.307380 0.028229 0.048315
1 0.807721 0.187468 0.022964 0.041620
20 0.974542 0.425718 0.027365 0.062602
10 0.098831 0.220194 0.020609 0.024741
