20 0.637638 0.369389 0.027828 0.054426
5 0.354339 0.194542 0.029354 0.040250
6 0.279346 0.256032 0.022891 0.029843
18 0.266487 0.321292 0.018328 0.039083
0 0.260255 0.125250 0.026063 0.034519
4 0.183479 0.174463 0.019646 0.025278
7 0.157708 0.362028 0.024792 0.035630
11 0.156289 0.231005 0.017703 0.028528
14 0.148143 0.293120 0.020922 0.034463
17 0.792674 0.504472 0.028943 0.052333
16 0.798794 0.397333 0.023214 0.052333
15 0.804063 0.308176 0.028229 0.048315
1 0.809695 0.188023 0.022964 0.041620
20 0.976698 0.427569 0.025823 0.063287
10 0.100872 0.220801 0.020609 0.024750
