20 0.627555 0.367241 0.027828 0.054426
5 0.344708 0.190671 0.029354 0.040250
6 0.264398 0.253338 0.022891 0.029843
18 0.251792 0.319560 0.018323 0.039083
0 0.249898 0.121398 0.026057 0.034519
4 0.170651 0.171181 0.019646 0.025269
7 0.141318 0.361019 0.024792 0.035630
11 0.145211 0.227245 0.017703 0.028528
14 0.135896 0.291222 0.020927 0.034463
17 0.783563 0.498630 0.028948 0.052333
16 0.791667 0.391306 0.023219 0.052333
15 0.795604 0.304384 0.028229 0.048306
1 0.803625 0.180750 0.022969 0.041630
20 0.967854 0.421500 0.029677 0.061574
10 0.087221 0.217167 0.020609 0.024741
