20 0.683362 0.391102 0.027828 0.054426
5 0.401865 0.205093 0.029354 0.040241
6 0.325510 0.271579 0.022896 0.029843
18 0.311742 0.331356 0.018328 0.039083
0 0.310034 0.142102 0.026057 0.034519
4 0.234557 0.186176 0.019646 0.025278
7 0.211646 0.369361 0.024792 0.035630
11 0.206409 0.242495 0.017703 0.028528
14 0.196935 0.304602 0.020922 0.034463
8 0.043505 0.516204 0.024625 0.050667
12 0.027461 0.360060 0.022286 0.036972
17 0.836352 0.525185 0.028943 0.052333
16 0.844255 0.421222 0.023219 0.052333
15 0.847078 0.336875 0.028229 0.048306
1 0.858992 0.206574 0.022964 0.041630
10 0.149346 0.232028 0.020609 0.024741
