20 0.687641 0.396810 0.027833 0.054417
5 0.406948 0.211269 0.029354 0.040241
6 0.332195 0.275380 0.022891 0.029833
18 0.318935 0.334634 0.018328 0.039083
0 0.315117 0.148287 0.026057 0.034519
4 0.239906 0.191880 0.019646 0.025278
7 0.214589 0.376019 0.024792 0.035630
11 0.212560 0.246778 0.017703 0.028537
14 0.204424 0.313157 0.020922 0.034463
8 0.048299 0.519153 0.024620 0.050657
12 0.033341 0.365764 0.022286 0.036972
17 0.842237 0.532315 0.028943 0.052333
16 0.851211 0.423602 0.023214 0.052333
15 0.854297 0.340681 0.028229 0.048306
1 0.864607 0.213231 0.022964 0.041630
10 0.159096 0.236153 0.020609 0.024750
