20 0.650232 0.371819 0.027828 0.054417
5 0.366828 0.196157 0.029354 0.040241
6 0.293091 0.258648 0.022891 0.029833
18 0.280826 0.323574 0.018328 0.039074
0 0.272878 0.130528 0.026057 0.034519
4 0.198187 0.179000 0.019646 0.025278
7 0.173698 0.363880 0.024792 0.035630
11 0.172336 0.235273 0.017703 0.028528
14 0.162620 0.295231 0.020927 0.034463
8 0.012253 0.511287 0.024505 0.050667
17 0.804411 0.511463 0.028948 0.052333
16 0.809063 0.404782 0.023219 0.052343
15 0.815099 0.313671 0.028229 0.048306
1 0.822195 0.191588 0.022964 0.041620
20 0.989635 0.438676 0.016573 0.067426
10 0.115544 0.224324 0.020609 0.024741
