20 0.689352 0.399093 0.027828 0.054426
5 0.408979 0.213741 0.029354 0.040241
6 0.334872 0.276903 0.022891 0.029843
18 0.321813 0.335944 0.018323 0.039074
0 0.317148 0.150759 0.026057 0.034519
4 0.242047 0.194167 0.019646 0.025278
7 0.215766 0.378685 0.024792 0.035630
11 0.215021 0.248486 0.017708 0.028528
14 0.207419 0.316583 0.020922 0.034463
8 0.050219 0.520333 0.024625 0.050667
12 0.035695 0.368042 0.022286 0.036972
17 0.844589 0.535167 0.028948 0.052333
16 0.853992 0.424551 0.023214 0.052343
15 0.857188 0.342199 0.028229 0.048306
1 0.866852 0.215889 0.022964 0.041630
10 0.161695 0.237694 0.020609 0.024741
