20 0.686357 0.395097 0.027828 0.054417
5 0.405422 0.209417 0.029354 0.040241
6 0.330190 0.274236 0.022891 0.029843
18 0.316776 0.333648 0.018323 0.039074
0 0.313591 0.146431 0.026057 0.034509
4 0.238302 0.190176 0.019646 0.025278
7 0.213703 0.374028 0.024792 0.035630
11 0.210716 0.245495 0.017703 0.028528
14 0.202177 0.310593 0.020927 0.034463
8 0.046862 0.518269 0.024620 0.050667
12 0.031581 0.364051 0.022286 0.036972
17 0.840471 0.530176 0.028943 0.052333
16 0.849125 0.422889 0.023219 0.052333
15 0.852133 0.339537 0.028224 0.048315
1 0.862924 0.211231 0.022964 0.041630
10 0.156172 0.234917 0.020604 0.024741
