20 0.628081 0.367685 0.027828 0.054426
5 0.345151 0.192509 0.029354 0.040241
6 0.267060 0.253681 0.022891 0.029843
18 0.255784 0.319222 0.018328 0.039074
0 0.250638 0.121398 0.026057 0.034519
4 0.171542 0.170917 0.019646 0.025278
7 0.143979 0.360852 0.024792 0.035630
11 0.145654 0.227773 0.017703 0.028528
14 0.136781 0.291750 0.020927 0.034463
17 0.783953 0.499046 0.028948 0.052333
16 0.791609 0.391718 0.023219 0.052343
15 0.795990 0.304519 0.028229 0.048315
1 0.803078 0.183667 0.022969 0.041630
20 0.969583 0.422222 0.029677 0.061574
10 0.088245 0.217167 0.020604 0.024741
