20 0.642766 0.370185 0.027833 0.054426
5 0.359286 0.195014 0.029354 0.040250
6 0.285227 0.257222 0.022891 0.029833
18 0.271023 0.322565 0.018328 0.039074
0 0.265336 0.127389 0.026057 0.034519
4 0.189802 0.176528 0.019646 0.025278
7 0.164391 0.362741 0.024792 0.035630
11 0.162039 0.232606 0.017703 0.028528
14 0.154141 0.293690 0.020927 0.034472
17 0.797380 0.507333 0.028948 0.052333
16 0.802805 0.400306 0.023214 0.052333
15 0.808406 0.310153 0.028229 0.048306
1 0.814633 0.189407 0.022964 0.041630
20 0.982089 0.432194 0.021969 0.065019
10 0.105982 0.222315 0.020609 0.024741
