20 0.690635 0.400801 0.027833 0.054417
5 0.410505 0.215597 0.029354 0.040250
6 0.336878 0.278042 0.022891 0.029843
18 0.323969 0.336931 0.018323 0.039083
0 0.318672 0.152611 0.026062 0.034519
4 0.243651 0.195880 0.019646 0.025278
7 0.216646 0.380681 0.024792 0.035620
11 0.216867 0.249773 0.017703 0.028528
14 0.209667 0.319148 0.020927 0.034463
8 0.051659 0.521218 0.024620 0.050657
12 0.037461 0.369755 0.022286 0.036972
17 0.846354 0.537306 0.028948 0.052333
16 0.856078 0.425264 0.023219 0.052343
15 0.859354 0.343343 0.028229 0.048315
1 0.868539 0.217889 0.022964 0.041630
10 0.162672 0.238769 0.020604 0.024741
