20 0.629440 0.368125 0.027828 0.054417
5 0.346422 0.193778 0.029354 0.040241
6 0.269930 0.254134 0.022891 0.029843
18 0.259229 0.319264 0.018323 0.039083
0 0.252125 0.121833 0.026063 0.034519
4 0.173370 0.171167 0.019646 0.025278
7 0.147010 0.360889 0.024792 0.035630
11 0.147086 0.228431 0.017703 0.028528
14 0.138547 0.292199 0.020927 0.034472
17 0.785141 0.499889 0.028948 0.052333
16 0.792375 0.392574 0.023219 0.052333
15 0.797109 0.305005 0.028229 0.048306
1 0.803237 0.185806 0.022964 0.041630
20 0.970839 0.422745 0.029677 0.061565
10 0.092701 0.218380 0.020609 0.024741
