20 0.662076 0.377981 0.027828 0.054426
5 0.380557 0.199852 0.029354 0.040241
6 0.304299 0.262412 0.022891 0.029843
18 0.293602 0.325940 0.018328 0.039083
0 0.286906 0.135019 0.026062 0.034519
4 0.210620 0.180981 0.019646 0.025278
7 0.187688 0.365926 0.024792 0.035630
11 0.184734 0.237912 0.017708 0.028528
14 0.175385 0.299583 0.020927 0.034463
8 0.021484 0.512671 0.024542 0.050657
12 0.009742 0.355801 0.019328 0.036972
17 0.816831 0.517620 0.028943 0.052333
16 0.822060 0.413000 0.023214 0.052333
15 0.828385 0.323944 0.028229 0.048315
1 0.836924 0.196208 0.022964 0.041620
10 0.130169 0.226796 0.020609 0.024741
