20 0.698341 0.408532 0.027828 0.054417
5 0.417250 0.223551 0.029354 0.040250
6 0.339826 0.283088 0.022891 0.029843
18 0.331951 0.343116 0.018328 0.039083
0 0.325383 0.156139 0.026057 0.034519
4 0.247760 0.202491 0.019646 0.025278
7 0.218839 0.386796 0.024792 0.035630
11 0.220531 0.256782 0.017708 0.028528
14 0.211750 0.328454 0.020927 0.034463
8 0.059227 0.526102 0.024620 0.050667
12 0.047745 0.375319 0.022292 0.036972
17 0.855260 0.543667 0.028948 0.052333
16 0.863812 0.432852 0.023219 0.052333
15 0.868141 0.355597 0.028229 0.048306
1 0.877958 0.224245 0.022635 0.043250
10 0.167221 0.243773 0.020609 0.024750
