20 0.640716 0.369866 0.027828 0.054417
5 0.357307 0.194824 0.029354 0.040241
6 0.282875 0.256745 0.022896 0.029843
18 0.269208 0.322056 0.018323 0.039074
0 0.263305 0.126537 0.026057 0.034519
4 0.187271 0.175704 0.019646 0.025278
7 0.161719 0.362454 0.024792 0.035630
11 0.159737 0.231968 0.017703 0.028528
14 0.151742 0.293463 0.020922 0.034463
17 0.795497 0.506194 0.028943 0.052333
16 0.801201 0.399111 0.023214 0.052333
15 0.806667 0.309361 0.028229 0.048315
1 0.812659 0.188852 0.022964 0.041630
20 0.979932 0.430347 0.023510 0.064324
10 0.103940 0.221708 0.020609 0.024750
