20 0.691065 0.401370 0.027828 0.054426
5 0.411013 0.216213 0.029349 0.040241
6 0.337544 0.278421 0.022891 0.029843
18 0.324687 0.337255 0.018323 0.039083
0 0.319180 0.153231 0.026057 0.034519
4 0.244182 0.196444 0.019646 0.025278
7 0.216943 0.381343 0.024792 0.035630
11 0.217482 0.250199 0.017703 0.028528
14 0.210414 0.320005 0.020922 0.034472
8 0.052138 0.521514 0.024620 0.050657
12 0.038049 0.370329 0.022286 0.036972
17 0.846943 0.538019 0.028948 0.052333
16 0.856773 0.425500 0.023214 0.052333
15 0.860078 0.343722 0.028229 0.048315
1 0.869102 0.218556 0.022964 0.041630
10 0.162997 0.239125 0.020609 0.024750
