20 0.689779 0.399662 0.027828 0.054417
5 0.409490 0.214361 0.029354 0.040241
6 0.335539 0.277282 0.022891 0.029843
18 0.322531 0.336273 0.018323 0.039083
0 0.317656 0.151380 0.026062 0.034519
4 0.242578 0.194741 0.019646 0.025278
7 0.216057 0.379352 0.024792 0.035630
11 0.215638 0.248917 0.017703 0.028537
14 0.208169 0.317435 0.020922 0.034463
8 0.050701 0.520630 0.024620 0.050667
12 0.036284 0.368616 0.022286 0.036972
17 0.845177 0.535880 0.028948 0.052333
16 0.854688 0.424787 0.023219 0.052333
15 0.857911 0.342579 0.028229 0.048306
1 0.867414 0.216556 0.022964 0.041630
10 0.162023 0.238051 0.020609 0.024750
