20 0.628318 0.367884 0.027833 0.054417
5 0.345354 0.193352 0.029354 0.040241
6 0.268271 0.253829 0.022896 0.029843
18 0.257596 0.319069 0.018328 0.039083
0 0.250974 0.121398 0.026062 0.034519
4 0.171943 0.170796 0.019646 0.025278
7 0.145187 0.360778 0.024792 0.035630
11 0.145857 0.228014 0.017703 0.028528
14 0.137187 0.291991 0.020927 0.034463
17 0.784130 0.499236 0.028948 0.052343
16 0.791583 0.391907 0.023219 0.052333
15 0.796167 0.304583 0.028229 0.048315
1 0.802831 0.184995 0.022964 0.041620
20 0.970367 0.422546 0.029682 0.061574
10 0.089638 0.217472 0.020609 0.024741
