20 0.695102 0.402657 0.027828 0.054426
5 0.414245 0.219037 0.029354 0.040241
6 0.337471 0.280125 0.022891 0.029843
18 0.329005 0.339222 0.018323 0.039074
0 0.321115 0.153852 0.026062 0.034519
4 0.244969 0.199222 0.019646 0.025278
7 0.216245 0.383333 0.024792 0.035630
11 0.217849 0.254153 0.017708 0.028528
14 0.210174 0.325704 0.020922 0.034463
8 0.055013 0.523282 0.024620 0.050657
12 0.043341 0.373097 0.022286 0.036972
17 0.849938 0.539444 0.028948 0.052333
16 0.858672 0.425741 0.023219 0.052333
15 0.862802 0.349093 0.028229 0.048315
1 0.872070 0.218509 0.022964 0.041630
10 0.164945 0.241269 0.020609 0.024741
