20 0.660758 0.377296 0.027828 0.054426
5 0.379073 0.199519 0.029354 0.040241
6 0.302836 0.261782 0.022891 0.029843
18 0.292357 0.325579 0.018328 0.039083
0 0.285289 0.134556 0.026057 0.034519
4 0.208948 0.180657 0.019646 0.025278
7 0.186000 0.365731 0.024792 0.035630
11 0.183229 0.237616 0.017708 0.028528
14 0.173901 0.299287 0.020927 0.034463
8 0.019945 0.512440 0.024536 0.050657
12 0.009232 0.356162 0.018339 0.036972
17 0.815451 0.516935 0.028943 0.052333
16 0.820615 0.412083 0.023219 0.052333
15 0.826906 0.322801 0.028229 0.048306
1 0.835289 0.195694 0.022964 0.041630
10 0.128544 0.226523 0.020609 0.024750
