20 0.669969 0.382088 0.027833 0.054417
5 0.389474 0.201829 0.029354 0.040250
6 0.313104 0.266176 0.022896 0.029833
18 0.301068 0.328120 0.018323 0.039074
0 0.296602 0.137787 0.026057 0.034519
4 0.220651 0.182963 0.019646 0.025278
7 0.197828 0.367111 0.024792 0.035630
11 0.193760 0.239694 0.017708 0.028537
14 0.184302 0.301370 0.020927 0.034463
8 0.030716 0.514056 0.024578 0.050667
12 0.015951 0.357106 0.022286 0.036972
17 0.825109 0.521731 0.028948 0.052333
16 0.830724 0.418472 0.023219 0.052333
15 0.837240 0.330792 0.028229 0.048306
1 0.846747 0.199287 0.022964 0.041630
10 0.139922 0.228449 0.020604 0.024750
