20 0.627461 0.367162 0.027828 0.054417
5 0.344625 0.190333 0.029354 0.040241
6 0.263917 0.253282 0.022896 0.029843
18 0.251068 0.319625 0.018323 0.039083
0 0.249763 0.121398 0.026057 0.034519
4 0.170490 0.171231 0.019646 0.025278
7 0.140833 0.361046 0.024792 0.035630
11 0.145128 0.227153 0.017703 0.028528
14 0.135734 0.291130 0.020927 0.034463
17 0.783492 0.498556 0.028943 0.052333
16 0.791677 0.391227 0.023219 0.052343
15 0.795531 0.304356 0.028229 0.048306
1 0.803727 0.180218 0.022964 0.041620
20 0.967536 0.421366 0.029677 0.061565
10 0.087039 0.217167 0.020609 0.024741
