20 0.645841 0.370657 0.027828 0.054426
5 0.362255 0.195301 0.029354 0.040250
6 0.288758 0.257935 0.022891 0.029833
18 0.273745 0.323329 0.018323 0.039083
0 0.268385 0.128676 0.026063 0.034519
4 0.193594 0.177769 0.019646 0.025278
7 0.168401 0.363167 0.024792 0.035630
11 0.165487 0.233574 0.017703 0.028537
14 0.157740 0.294037 0.020927 0.034463
17 0.800206 0.509056 0.028943 0.052333
16 0.805214 0.402083 0.023219 0.052333
15 0.811016 0.311343 0.028229 0.048315
1 0.817596 0.190241 0.022964 0.041630
20 0.985323 0.434972 0.019656 0.066056
10 0.109044 0.223222 0.020609 0.024741
