20 0.627747 0.367403 0.027828 0.054417
5 0.344870 0.191338 0.029354 0.040250
6 0.265367 0.253468 0.022891 0.029843
18 0.253242 0.319440 0.018328 0.039083
0 0.250167 0.121398 0.026062 0.034519
4 0.170974 0.171083 0.019646 0.025278
7 0.142286 0.360958 0.024792 0.035620
11 0.145372 0.227440 0.017703 0.028528
14 0.136219 0.291417 0.020927 0.034463
17 0.783706 0.498787 0.028943 0.052333
16 0.791646 0.391454 0.023219 0.052333
15 0.795745 0.304431 0.028229 0.048306
1 0.803424 0.181810 0.022964 0.041620
20 0.968479 0.421759 0.029677 0.061574
10 0.087596 0.217167 0.020609 0.024741
