20 0.634565 0.368917 0.027828 0.054426
5 0.351370 0.194255 0.029354 0.040250
6 0.275815 0.255319 0.022891 0.029843
18 0.263766 0.320532 0.018323 0.039083
0 0.257206 0.123972 0.026057 0.034519
4 0.179688 0.173222 0.019646 0.025278
7 0.153693 0.361602 0.024792 0.035630
11 0.152836 0.230042 0.017703 0.028528
14 0.144544 0.292773 0.020922 0.034472
17 0.789849 0.502750 0.028948 0.052333
16 0.796388 0.395546 0.023214 0.052333
15 0.801453 0.306986 0.028229 0.048306
1 0.806732 0.187190 0.022964 0.041620
20 0.973464 0.424796 0.028135 0.062259
10 0.097810 0.219894 0.020609 0.024750
