20 0.627414 0.367120 0.027828 0.054426
5 0.344586 0.190167 0.029349 0.040241
6 0.263674 0.253245 0.022891 0.029843
18 0.250703 0.319653 0.018323 0.039083
0 0.249695 0.121398 0.026057 0.034519
4 0.170409 0.171250 0.019641 0.025278
7 0.140594 0.361065 0.024792 0.035630
11 0.145089 0.227106 0.017708 0.028528
14 0.135651 0.291083 0.020927 0.034463
17 0.783458 0.498519 0.028948 0.052333
16 0.791682 0.391190 0.023219 0.052343
15 0.795495 0.304343 0.028229 0.048315
1 0.803773 0.179954 0.022964 0.041630
20 0.967380 0.421301 0.029677 0.061565
10 0.086945 0.217167 0.020609 0.024741
