20 0.677159 0.386255 0.027828 0.054417
5 0.396901 0.203481 0.029354 0.040241
6 0.320440 0.269310 0.022891 0.029843
18 0.307289 0.329935 0.018328 0.039074
0 0.304680 0.140102 0.026057 0.034519
4 0.229005 0.184620 0.019646 0.025278
7 0.206281 0.368102 0.024792 0.035630
11 0.201281 0.241181 0.017708 0.028528
14 0.191729 0.302852 0.020927 0.034463
8 0.038411 0.515213 0.024604 0.050667
12 0.022862 0.360676 0.022286 0.036963
17 0.831914 0.524472 0.028943 0.052333
16 0.838266 0.421843 0.023219 0.052333
15 0.843948 0.335639 0.028229 0.048315
1 0.854576 0.202481 0.022964 0.041630
10 0.145445 0.230375 0.020609 0.024750
