20 0.627701 0.367361 0.027828 0.054426
5 0.344828 0.191171 0.029354 0.040250
6 0.265128 0.253431 0.022891 0.029843
18 0.252880 0.319468 0.018323 0.039083
0 0.250102 0.121398 0.026057 0.034519
4 0.170896 0.171111 0.019646 0.025278
7 0.142042 0.360972 0.024792 0.035630
11 0.145331 0.227394 0.017703 0.028528
14 0.136135 0.291370 0.020927 0.034463
17 0.783669 0.498750 0.028943 0.052333
16 0.791651 0.391417 0.023219 0.052333
15 0.795708 0.304421 0.028229 0.048306
1 0.803477 0.181546 0.022964 0.041630
20 0.968323 0.421694 0.029677 0.061574
10 0.087503 0.217167 0.020609 0.024741
