20 0.666021 0.380037 0.027833 0.054426
5 0.385016 0.200843 0.029354 0.040241
6 0.308703 0.264292 0.022896 0.029843
18 0.297333 0.327032 0.018323 0.039083
0 0.291753 0.136398 0.026057 0.034519
4 0.215635 0.181972 0.019646 0.025278
7 0.192760 0.366519 0.024792 0.035630
11 0.189247 0.238801 0.017703 0.028528
14 0.179844 0.300472 0.020927 0.034463
8 0.026102 0.513366 0.024557 0.050657
12 0.011273 0.354736 0.022286 0.036972
17 0.820971 0.519676 0.028943 0.052333
16 0.826393 0.415736 0.023214 0.052343
15 0.832812 0.327366 0.028229 0.048306
1 0.841836 0.197750 0.022964 0.041630
10 0.135047 0.227625 0.020604 0.024750
