20 0.685503 0.393954 0.027828 0.054426
5 0.404406 0.208181 0.029354 0.040250
6 0.328852 0.273477 0.022891 0.029843
18 0.315339 0.332995 0.018323 0.039083
0 0.312576 0.145194 0.026057 0.034519
4 0.237229 0.189028 0.019646 0.025278
7 0.213115 0.372694 0.024792 0.035630
11 0.209487 0.244639 0.017703 0.028537
14 0.200680 0.308880 0.020922 0.034463
8 0.045904 0.517676 0.024620 0.050667
12 0.030404 0.362912 0.022286 0.036972
17 0.839294 0.528750 0.028943 0.052333
16 0.847734 0.422412 0.023219 0.052343
15 0.850688 0.338778 0.028229 0.048315
1 0.861799 0.209898 0.022964 0.041630
10 0.154221 0.234093 0.020609 0.024741
