20 0.671284 0.382773 0.027828 0.054417
5 0.390958 0.202162 0.029354 0.040250
6 0.314570 0.266801 0.022891 0.029843
18 0.302313 0.328486 0.018323 0.039083
0 0.298216 0.138250 0.026057 0.034519
4 0.222323 0.183296 0.019646 0.025278
7 0.199521 0.367315 0.024792 0.035630
11 0.195263 0.239991 0.017703 0.028537
14 0.185786 0.301667 0.020927 0.034463
8 0.032255 0.514287 0.024583 0.050667
12 0.017513 0.357903 0.022286 0.036972
17 0.826490 0.522417 0.028948 0.052333
16 0.832169 0.419389 0.023214 0.052333
15 0.838719 0.331931 0.028229 0.048306
1 0.848383 0.199806 0.022964 0.041630
10 0.141547 0.228722 0.020604 0.024741
