20 0.628034 0.367644 0.027828 0.054417
5 0.345109 0.192343 0.029354 0.040241
6 0.266820 0.253648 0.022891 0.029833
18 0.255419 0.319255 0.018328 0.039083
0 0.250570 0.121398 0.026057 0.034519
4 0.171458 0.170944 0.019646 0.025278
7 0.143734 0.360870 0.024792 0.035630
11 0.145612 0.227727 0.017703 0.028528
14 0.136703 0.291704 0.020927 0.034463
17 0.783917 0.499009 0.028948 0.052333
16 0.791615 0.391681 0.023219 0.052343
15 0.795958 0.304509 0.028229 0.048315
1 0.803128 0.183403 0.022964 0.041620
20 0.969422 0.422157 0.029677 0.061574
10 0.088154 0.217167 0.020609 0.024741
