20 0.697805 0.405810 0.027828 0.054417
5 0.416698 0.221713 0.029354 0.040241
6 0.337859 0.281819 0.022896 0.029843
18 0.331904 0.341394 0.018328 0.039083
0 0.323299 0.154611 0.026057 0.034519
4 0.246031 0.201481 0.019646 0.025278
7 0.216583 0.385194 0.024792 0.035630
11 0.218612 0.256907 0.017703 0.028537
14 0.210169 0.329204 0.020922 0.034463
8 0.057695 0.525009 0.024620 0.050667
12 0.047320 0.375014 0.022286 0.036972
17 0.853320 0.541769 0.028943 0.052333
16 0.861604 0.429296 0.023219 0.052333
15 0.866073 0.353843 0.028229 0.048315
1 0.875734 0.221162 0.022802 0.042435
10 0.166570 0.243056 0.020609 0.024741
