20 0.696544 0.402940 0.027828 0.054417
5 0.415333 0.219917 0.029354 0.040241
6 0.337174 0.280653 0.022891 0.029843
18 0.330443 0.339880 0.018323 0.039074
0 0.321685 0.153852 0.026057 0.034519
4 0.245068 0.200102 0.019646 0.025278
7 0.215849 0.383861 0.024792 0.035630
11 0.217750 0.255560 0.017708 0.028528
14 0.209776 0.327639 0.020927 0.034463
8 0.055974 0.523875 0.024625 0.050657
12 0.045227 0.373977 0.022286 0.036972
17 0.850901 0.539731 0.028948 0.052333
16 0.859154 0.425741 0.023214 0.052333
15 0.863604 0.351088 0.028229 0.048306
1 0.873029 0.218222 0.022964 0.041630
10 0.165596 0.241986 0.020609 0.024750
