20 0.688497 0.397949 0.027828 0.054417
5 0.407964 0.212509 0.029354 0.040241
6 0.333534 0.276144 0.022891 0.029843
18 0.320372 0.335287 0.018328 0.039074
0 0.316133 0.149519 0.026057 0.034519
4 0.240974 0.193028 0.019646 0.025278
7 0.215177 0.377352 0.024792 0.035630
11 0.213789 0.247634 0.017703 0.028528
14 0.205922 0.314870 0.020927 0.034463
8 0.049260 0.519741 0.024625 0.050667
12 0.034518 0.366903 0.022286 0.036972
17 0.843414 0.533741 0.028943 0.052333
16 0.852602 0.424074 0.023214 0.052333
15 0.855745 0.341440 0.028229 0.048306
1 0.865732 0.214560 0.022964 0.041620
10 0.161049 0.236981 0.020609 0.024741
