20 0.652862 0.373190 0.027828 0.054417
5 0.370036 0.197296 0.029354 0.040241
6 0.294695 0.258648 0.022891 0.029833
18 0.284365 0.323699 0.018323 0.039083
0 0.275768 0.131667 0.026057 0.034519
4 0.199792 0.179000 0.019646 0.025278
7 0.176266 0.364454 0.024792 0.035630
11 0.174586 0.235847 0.017703 0.028528
14 0.165187 0.296944 0.020927 0.034463
8 0.012253 0.511287 0.024505 0.050667
17 0.807169 0.512833 0.028943 0.052333
16 0.811951 0.406606 0.023214 0.052343
15 0.818052 0.315954 0.028229 0.048315
1 0.825471 0.192611 0.022964 0.041630
20 0.991792 0.440523 0.015031 0.068120
10 0.118794 0.224870 0.020609 0.024741
