20 0.648917 0.371134 0.027833 0.054417
5 0.365224 0.195583 0.029354 0.040241
6 0.292289 0.258648 0.022891 0.029833
18 0.279055 0.323514 0.018328 0.039083
0 0.271435 0.129963 0.026057 0.034519
4 0.197385 0.179000 0.019646 0.025278
7 0.172417 0.363593 0.024792 0.035630
11 0.171216 0.234986 0.017703 0.028528
14 0.161336 0.294380 0.020922 0.034463
8 0.012253 0.511287 0.024505 0.050667
17 0.803031 0.510778 0.028948 0.052333
16 0.807620 0.403870 0.023219 0.052333
15 0.813620 0.312532 0.028229 0.048306
1 0.820560 0.191074 0.022964 0.041630
20 0.988557 0.437750 0.017344 0.067093
10 0.113919 0.224046 0.020609 0.024741
