20 0.627508 0.367199 0.027828 0.054417
5 0.344667 0.190500 0.029354 0.040241
6 0.264159 0.253310 0.022891 0.029843
18 0.251430 0.319593 0.018328 0.039074
0 0.249831 0.121398 0.026057 0.034519
4 0.170573 0.171204 0.019646 0.025278
7 0.141078 0.361037 0.024792 0.035630
11 0.145169 0.227199 0.017703 0.028528
14 0.135813 0.291176 0.020927 0.034463
17 0.783529 0.498593 0.028943 0.052333
16 0.791672 0.391269 0.023219 0.052333
15 0.795568 0.304370 0.028229 0.048315
1 0.803674 0.180481 0.022964 0.041630
20 0.967698 0.421431 0.029677 0.061565
10 0.087130 0.217167 0.020604 0.024741
