20 0.644815 0.370500 0.027828 0.054426
5 0.361266 0.195204 0.029354 0.040241
6 0.287581 0.257699 0.022891 0.029843
18 0.272839 0.323069 0.018323 0.039083
0 0.267370 0.128250 0.026063 0.034519
4 0.192328 0.177352 0.019646 0.025278
7 0.167068 0.363028 0.024792 0.035630
11 0.164339 0.233255 0.017708 0.028528
14 0.156539 0.293917 0.020922 0.034463
17 0.799263 0.508481 0.028943 0.052333
16 0.804409 0.401491 0.023214 0.052333
15 0.810146 0.310949 0.028229 0.048306
1 0.816607 0.189963 0.022964 0.041630
20 0.984245 0.434046 0.020427 0.065704
10 0.108023 0.222917 0.020609 0.024741
