20 0.627318 0.367042 0.027833 0.054417
5 0.344505 0.189833 0.029354 0.040241
6 0.263190 0.253190 0.022891 0.029843
18 0.249979 0.319713 0.018323 0.039074
0 0.249562 0.121398 0.026063 0.034519
4 0.170247 0.171296 0.019641 0.025278
7 0.140109 0.361093 0.024792 0.035630
11 0.145008 0.227005 0.017703 0.028528
14 0.135490 0.290981 0.020927 0.034463
17 0.783388 0.498444 0.028943 0.052333
16 0.791690 0.391116 0.023214 0.052343
15 0.795427 0.304319 0.028229 0.048306
1 0.803872 0.179421 0.022964 0.041620
20 0.967068 0.421167 0.029677 0.061574
10 0.086758 0.217167 0.020609 0.024741
