20 0.622531 0.364972 0.027833 0.054426
5 0.331737 0.183421 0.029349 0.040250
6 0.254174 0.250097 0.022891 0.029843
18 0.239781 0.318403 0.018323 0.039083
0 0.234891 0.115241 0.026062 0.034519
4 0.151870 0.163389 0.019646 0.025278
7 0.128849 0.360991 0.024792 0.035630
11 0.128461 0.222356 0.017703 0.028528
14 0.120664 0.287023 0.020922 0.034472
17 0.782503 0.497500 0.028943 0.052333
16 0.791818 0.390171 0.023219 0.052343
15 0.794542 0.304005 0.028229 0.048306
1 0.804089 0.173125 0.022969 0.041620
20 0.963141 0.419528 0.029677 0.061574
10 0.069966 0.214556 0.020609 0.024741
