20 0.617169 0.362815 0.027828 0.054426
5 0.320807 0.178056 0.029354 0.040241
6 0.241232 0.242931 0.022891 0.029843
18 0.230440 0.312755 0.018328 0.039083
0 0.220497 0.108639 0.026057 0.034519
4 0.140266 0.158713 0.019646 0.025278
7 0.109375 0.359685 0.024792 0.035630
11 0.112799 0.220329 0.017703 0.028528
14 0.105529 0.287093 0.020922 0.034463
17 0.781539 0.496824 0.028943 0.052333
16 0.787146 0.389333 0.023219 0.052333
15 0.793453 0.303870 0.028229 0.048315
1 0.801253 0.170097 0.022964 0.041620
20 0.960625 0.418472 0.029677 0.061574
10 0.052445 0.213287 0.020609 0.024741
