20 0.621490 0.364583 0.027833 0.054426
5 0.329648 0.182347 0.029349 0.040250
6 0.251669 0.248611 0.022891 0.029833
18 0.238018 0.317245 0.018328 0.039083
0 0.232104 0.113917 0.026063 0.034519
4 0.149661 0.162444 0.019646 0.025278
7 0.124995 0.360741 0.024792 0.035630
11 0.125445 0.221949 0.017703 0.028528
14 0.117786 0.287023 0.020927 0.034472
17 0.782396 0.497389 0.028948 0.052333
16 0.791833 0.390056 0.023219 0.052333
15 0.794435 0.303968 0.028224 0.048306
1 0.803622 0.172528 0.022964 0.041630
20 0.962667 0.419329 0.029677 0.061565
10 0.066576 0.214306 0.020609 0.024741
