20 0.615310 0.360176 0.027828 0.054426
5 0.315013 0.178056 0.029349 0.040241
6 0.236326 0.246102 0.022891 0.029833
18 0.224201 0.314343 0.018328 0.039074
0 0.214924 0.108639 0.026057 0.034519
4 0.133359 0.159500 0.019646 0.025278
7 0.106922 0.358898 0.024792 0.035630
11 0.105888 0.220727 0.017703 0.028528
14 0.096615 0.287880 0.020927 0.034463
17 0.776339 0.495500 0.028948 0.052333
16 0.782130 0.386028 0.023219 0.052333
15 0.786766 0.304532 0.028229 0.048306
1 0.795310 0.169435 0.022964 0.041630
20 0.958740 0.417685 0.029677 0.061574
10 0.045576 0.212958 0.020609 0.024750
