20 0.615466 0.360394 0.027828 0.054417
5 0.315495 0.178056 0.029354 0.040241
6 0.236737 0.245838 0.022891 0.029843
18 0.224719 0.314208 0.018323 0.039083
0 0.215391 0.108639 0.026063 0.034519
4 0.133932 0.159435 0.019646 0.025278
7 0.107130 0.358963 0.024792 0.035630
11 0.106466 0.220690 0.017703 0.028528
14 0.097357 0.287815 0.020922 0.034463
17 0.776773 0.495611 0.028943 0.052333
16 0.782549 0.386306 0.023214 0.052333
15 0.787323 0.304477 0.028229 0.048306
1 0.795805 0.169491 0.022964 0.041630
20 0.958896 0.417750 0.029677 0.061574
10 0.046148 0.212986 0.020609 0.024750
