20 0.582992 0.375028 0.027828 0.054426
5 0.278305 0.196005 0.029349 0.040250
6 0.196268 0.265514 0.022891 0.029843
18 0.181510 0.337296 0.018323 0.039074
0 0.176883 0.126398 0.026057 0.034519
4 0.088917 0.180435 0.019646 0.025278
7 0.063073 0.380028 0.024792 0.035630
11 0.062430 0.238727 0.017703 0.028528
14 0.055016 0.305750 0.020927 0.034463
17 0.745789 0.503176 0.028943 0.052333
16 0.751714 0.395815 0.023219 0.052333
15 0.755781 0.308986 0.028229 0.048306
1 0.762383 0.176051 0.022964 0.041620
20 0.937625 0.426412 0.029677 0.061565
10 0.007055 0.235880 0.014109 0.024741
