20 0.614539 0.359074 0.027828 0.054426
5 0.312599 0.178056 0.029354 0.040241
6 0.234284 0.247421 0.022891 0.029843
18 0.221599 0.315005 0.018323 0.039083
0 0.212604 0.108639 0.026063 0.034519
4 0.130479 0.159833 0.019646 0.025278
7 0.105901 0.358565 0.024792 0.035630
11 0.103008 0.220889 0.017703 0.028537
14 0.092898 0.288213 0.020922 0.034463
17 0.774172 0.494954 0.028948 0.052333
16 0.780042 0.384653 0.023219 0.052343
15 0.783979 0.304806 0.028229 0.048315
1 0.792833 0.169162 0.022969 0.041620
20 0.957953 0.417356 0.029677 0.061565
10 0.042711 0.212824 0.020609 0.024741
