20 0.615622 0.360616 0.027828 0.054417
5 0.315979 0.178056 0.029354 0.040241
6 0.237143 0.245574 0.022891 0.029833
18 0.225240 0.314079 0.018323 0.039083
0 0.215854 0.108639 0.026062 0.034519
4 0.134510 0.159370 0.019646 0.025278
7 0.107333 0.359028 0.024792 0.035630
11 0.107039 0.220657 0.017703 0.028537
14 0.098099 0.287750 0.020927 0.034463
17 0.777206 0.495722 0.028943 0.052333
16 0.782966 0.386579 0.023214 0.052343
15 0.787880 0.304421 0.028229 0.048306
1 0.796299 0.169546 0.022964 0.041630
20 0.959052 0.417815 0.029677 0.061574
10 0.046721 0.213014 0.020609 0.024750
