20 0.620794 0.364324 0.027828 0.054426
5 0.328255 0.181634 0.029354 0.040250
6 0.249997 0.247625 0.022891 0.029843
18 0.236841 0.316477 0.018328 0.039083
0 0.230247 0.113037 0.026057 0.034519
4 0.148193 0.161806 0.019646 0.025278
7 0.122427 0.360574 0.024792 0.035630
11 0.123435 0.221671 0.017703 0.028528
14 0.115867 0.287023 0.020922 0.034472
17 0.782326 0.497315 0.028943 0.052333
16 0.791844 0.389981 0.023219 0.052333
15 0.794365 0.303940 0.028229 0.048306
1 0.803310 0.172134 0.022964 0.041620
20 0.962354 0.419194 0.029677 0.061574
10 0.064318 0.214139 0.020604 0.024741
