20 0.581385 0.374838 0.027833 0.054417
5 0.275667 0.196444 0.029354 0.040241
6 0.193773 0.265884 0.022891 0.029843
18 0.178487 0.338227 0.018328 0.039083
0 0.173880 0.126880 0.026063 0.034519
4 0.086354 0.180944 0.019646 0.025278
7 0.060448 0.381019 0.024792 0.035630
11 0.059784 0.239542 0.017703 0.028528
14 0.052151 0.306602 0.020927 0.034463
17 0.744292 0.503750 0.028948 0.052333
16 0.750109 0.395815 0.023219 0.052333
15 0.754495 0.310130 0.028229 0.048315
1 0.761099 0.177380 0.022969 0.041630
20 0.936500 0.427037 0.029677 0.061574
