20 0.624961 0.365870 0.027828 0.054426
5 0.336148 0.185671 0.029349 0.040250
6 0.258836 0.252634 0.022891 0.029843
18 0.243448 0.320269 0.018323 0.039074
0 0.240536 0.117833 0.026063 0.034519
4 0.157016 0.165602 0.019646 0.025278
7 0.135755 0.361370 0.024792 0.035630
11 0.134643 0.223440 0.017703 0.028528
14 0.126464 0.287417 0.020927 0.034463
17 0.782750 0.497769 0.028948 0.052333
16 0.791784 0.390435 0.023214 0.052333
15 0.794786 0.304093 0.028229 0.048315
1 0.804768 0.174648 0.022964 0.041630
20 0.964240 0.419986 0.029677 0.061565
10 0.076732 0.215185 0.020609 0.024741
