20 0.615156 0.359954 0.027833 0.054426
5 0.314531 0.178056 0.029354 0.040241
6 0.235919 0.246366 0.022891 0.029843
18 0.223680 0.314472 0.018328 0.039074
0 0.214461 0.108639 0.026057 0.034519
4 0.132781 0.159565 0.019646 0.025278
7 0.106719 0.358824 0.024792 0.035630
11 0.105312 0.220755 0.017708 0.028528
14 0.095870 0.287944 0.020927 0.034463
17 0.775906 0.495394 0.028948 0.052324
16 0.781714 0.385755 0.023219 0.052343
15 0.786208 0.304588 0.028229 0.048306
1 0.794815 0.169380 0.022964 0.041630
20 0.958583 0.417620 0.029677 0.061574
10 0.045003 0.212931 0.020609 0.024750
