20 0.617323 0.363037 0.027833 0.054426
5 0.321292 0.178056 0.029354 0.040241
6 0.241638 0.242671 0.022891 0.029843
18 0.230961 0.312625 0.018328 0.039083
0 0.220961 0.108639 0.026057 0.034519
4 0.140844 0.158648 0.019646 0.025278
7 0.109578 0.359750 0.024792 0.035630
11 0.113372 0.220292 0.017703 0.028528
14 0.106271 0.287023 0.020927 0.034472
17 0.781971 0.496935 0.028943 0.052333
16 0.787562 0.389606 0.023219 0.052343
15 0.794010 0.303815 0.028229 0.048315
1 0.801747 0.170153 0.022964 0.041620
20 0.960781 0.418537 0.029677 0.061574
10 0.053018 0.213315 0.020609 0.024741
