20 0.620448 0.364194 0.027833 0.054426
5 0.327557 0.181278 0.029354 0.040241
6 0.249159 0.247125 0.022891 0.029843
18 0.236253 0.316093 0.018328 0.039074
0 0.229318 0.112593 0.026063 0.034519
4 0.147458 0.161491 0.019646 0.025278
7 0.121141 0.360495 0.024792 0.035620
11 0.122427 0.221532 0.017708 0.028528
14 0.114906 0.287023 0.020927 0.034472
17 0.782289 0.497278 0.028943 0.052333
16 0.791849 0.389944 0.023219 0.052333
15 0.794328 0.303931 0.028229 0.048306
1 0.803154 0.171935 0.022964 0.041630
20 0.962198 0.419130 0.029677 0.061574
10 0.063187 0.214060 0.020604 0.024750
