20 0.612492 0.360370 0.027828 0.054426
5 0.310161 0.179324 0.029354 0.040241
6 0.231773 0.249375 0.022891 0.029843
18 0.217797 0.316852 0.018323 0.039074
0 0.209805 0.109981 0.026057 0.034519
4 0.127589 0.161546 0.019646 0.025278
7 0.103307 0.359704 0.024792 0.035630
11 0.099810 0.222542 0.017703 0.028528
14 0.089987 0.289532 0.020922 0.034472
17 0.772195 0.494824 0.028943 0.052333
16 0.777974 0.384611 0.023219 0.052333
15 0.781458 0.304819 0.028229 0.048306
1 0.790078 0.169620 0.022969 0.041630
20 0.957326 0.417093 0.029682 0.061574
10 0.039586 0.214417 0.020609 0.024741
