20 0.623573 0.365356 0.027833 0.054417
5 0.333828 0.184495 0.029354 0.040250
6 0.256682 0.251583 0.022896 0.029833
18 0.241547 0.319560 0.018323 0.039083
0 0.237677 0.116556 0.026063 0.034519
4 0.154073 0.164343 0.019646 0.025278
7 0.132703 0.361241 0.024792 0.035630
11 0.131482 0.222773 0.017703 0.028528
14 0.123542 0.287023 0.020927 0.034472
17 0.782609 0.497611 0.028948 0.052333
16 0.791802 0.390287 0.023219 0.052333
15 0.794646 0.304042 0.028229 0.048306
1 0.804557 0.173718 0.022969 0.041620
20 0.963609 0.419722 0.029677 0.061574
10 0.073357 0.214801 0.020609 0.024750
