20 0.626794 0.366597 0.027828 0.054417
5 0.339398 0.187292 0.029349 0.040250
6 0.260529 0.252847 0.022891 0.029843
18 0.245987 0.320051 0.018328 0.039083
0 0.244047 0.119222 0.026062 0.034519
4 0.162161 0.167824 0.019646 0.025278
7 0.137448 0.361269 0.024792 0.035630
11 0.138674 0.224829 0.017703 0.028528
14 0.129974 0.288806 0.020927 0.034463
17 0.782997 0.498028 0.028943 0.052333
16 0.791747 0.390699 0.023214 0.052343
15 0.795036 0.304181 0.028229 0.048306
1 0.804419 0.176500 0.022964 0.041630
20 0.965339 0.420444 0.029677 0.061574
10 0.080630 0.215958 0.020604 0.024750
