20 0.567372 0.376167 0.027828 0.054426
5 0.257216 0.199537 0.029349 0.040241
6 0.176310 0.268449 0.022891 0.029843
18 0.157318 0.344718 0.018323 0.039083
0 0.152870 0.130213 0.026062 0.034519
4 0.068443 0.184546 0.019646 0.025278
7 0.042078 0.387944 0.024792 0.035630
11 0.041284 0.245236 0.017703 0.028528
14 0.032099 0.312583 0.020927 0.034463
17 0.732523 0.506222 0.028943 0.052333
16 0.736737 0.398481 0.023214 0.052333
15 0.742302 0.313551 0.028229 0.048306
1 0.748049 0.181759 0.022964 0.041630
20 0.923891 0.426731 0.029677 0.061574
