20 0.599068 0.368741 0.027833 0.054426
5 0.299865 0.188199 0.029354 0.040250
6 0.219919 0.259366 0.022891 0.029843
18 0.198451 0.327944 0.018328 0.039074
0 0.196698 0.119417 0.026063 0.034519
4 0.115422 0.172639 0.019646 0.025278
7 0.088021 0.368574 0.024792 0.035630
11 0.085456 0.233634 0.017703 0.028528
14 0.080003 0.297852 0.020922 0.034463
17 0.762302 0.499954 0.028948 0.052333
16 0.767526 0.389250 0.023219 0.052333
15 0.770763 0.304157 0.028224 0.048315
1 0.777721 0.173616 0.022964 0.041620
20 0.952229 0.418255 0.029677 0.061565
10 0.025719 0.225972 0.020604 0.024741
