20 0.624615 0.365745 0.027833 0.054417
5 0.335682 0.185440 0.029354 0.040250
6 0.258596 0.252606 0.022891 0.029843
18 0.243086 0.320301 0.018328 0.039083
0 0.240034 0.117639 0.026057 0.034519
4 0.156281 0.165287 0.019646 0.025278
7 0.135510 0.361389 0.024792 0.035630
11 0.134070 0.223245 0.017703 0.028528
14 0.125964 0.287222 0.020927 0.034463
17 0.782716 0.497731 0.028943 0.052333
16 0.791786 0.390398 0.023219 0.052333
15 0.794755 0.304079 0.028229 0.048306
1 0.804820 0.174380 0.022964 0.041630
20 0.964083 0.419921 0.029677 0.061565
10 0.076174 0.215074 0.020609 0.024741
