20 0.627268 0.367000 0.027828 0.054426
5 0.344042 0.189602 0.029354 0.040241
6 0.262951 0.253157 0.022891 0.029833
18 0.249615 0.319745 0.018323 0.039083
0 0.249060 0.121204 0.026057 0.034519
4 0.169510 0.170981 0.019646 0.025278
7 0.139865 0.361111 0.024792 0.035630
11 0.144432 0.226810 0.017708 0.028528
14 0.134990 0.290787 0.020927 0.034463
17 0.783352 0.498407 0.028943 0.052333
16 0.791695 0.391074 0.023214 0.052333
15 0.795391 0.304306 0.028229 0.048315
1 0.803924 0.179157 0.022964 0.041630
20 0.966911 0.421102 0.029677 0.061574
10 0.086201 0.217056 0.020609 0.024741
