20 0.601648 0.369514 0.027828 0.054417
5 0.301339 0.186931 0.029354 0.040250
6 0.221612 0.257935 0.022891 0.029833
18 0.201216 0.326361 0.018328 0.039074
0 0.198570 0.118065 0.026057 0.034519
4 0.117159 0.171056 0.019641 0.025278
7 0.090203 0.367306 0.024792 0.035630
11 0.087508 0.232051 0.017703 0.028528
14 0.081430 0.296667 0.020922 0.034463
17 0.764823 0.496852 0.028948 0.052333
16 0.769977 0.388019 0.023214 0.052333
15 0.772734 0.304250 0.028229 0.048315
1 0.779487 0.173046 0.022964 0.041630
20 0.954474 0.417000 0.029677 0.061574
10 0.027701 0.224324 0.020609 0.024741
