20 0.600359 0.369130 0.027833 0.054426
5 0.300602 0.187565 0.029349 0.040241
6 0.220763 0.258648 0.022891 0.029833
18 0.199833 0.327153 0.018323 0.039083
0 0.197635 0.118741 0.026063 0.034519
4 0.116292 0.171852 0.019646 0.025278
7 0.089115 0.367944 0.024792 0.035630
11 0.086482 0.232838 0.017703 0.028528
14 0.080716 0.297259 0.020922 0.034463
17 0.763563 0.498398 0.028948 0.052333
16 0.768750 0.388634 0.023219 0.052343
15 0.771750 0.304204 0.028229 0.048315
1 0.778607 0.173333 0.022964 0.041630
20 0.953349 0.417625 0.029677 0.061565
10 0.026711 0.225148 0.020609 0.024741
