20 0.571971 0.375218 0.027828 0.054417
5 0.262490 0.198657 0.029354 0.040241
6 0.181299 0.267718 0.022891 0.029843
18 0.163367 0.342861 0.018328 0.039074
0 0.158872 0.129259 0.026057 0.034519
4 0.073563 0.183519 0.019646 0.025278
7 0.047323 0.385968 0.024792 0.035620
11 0.046570 0.243606 0.017703 0.028528
14 0.037828 0.310875 0.020927 0.034472
17 0.736161 0.505843 0.028948 0.052333
16 0.741016 0.397148 0.023219 0.052333
15 0.746474 0.313551 0.028229 0.048306
1 0.752648 0.181565 0.022964 0.041630
20 0.928510 0.427829 0.029677 0.061565
