20 0.614227 0.358634 0.027828 0.054417
5 0.311633 0.178056 0.029349 0.040241
6 0.233466 0.247949 0.022891 0.029843
18 0.220560 0.315264 0.018328 0.039083
0 0.211674 0.108639 0.026057 0.034519
4 0.129328 0.159963 0.019646 0.025278
7 0.105495 0.358435 0.024792 0.035630
11 0.101857 0.220958 0.017703 0.028528
14 0.091414 0.288343 0.020922 0.034463
17 0.773305 0.494731 0.028943 0.052333
16 0.779206 0.384102 0.023214 0.052333
15 0.782865 0.304917 0.028229 0.048315
1 0.791841 0.169051 0.022964 0.041620
20 0.957641 0.417227 0.029677 0.061565
10 0.041565 0.212769 0.020609 0.024741
