20 0.623227 0.365227 0.027828 0.054417
5 0.333130 0.184139 0.029354 0.040241
6 0.255846 0.251088 0.022891 0.029843
18 0.240958 0.319171 0.018323 0.039083
0 0.236747 0.116120 0.026057 0.034519
4 0.153339 0.164019 0.019646 0.025278
7 0.131417 0.361157 0.024792 0.035630
11 0.130477 0.222634 0.017703 0.028528
14 0.122583 0.287023 0.020927 0.034472
17 0.782573 0.497574 0.028948 0.052333
16 0.791807 0.390250 0.023219 0.052333
15 0.794612 0.304032 0.028224 0.048306
1 0.804401 0.173519 0.022969 0.041630
20 0.963453 0.419657 0.029677 0.061574
10 0.072227 0.214722 0.020609 0.024741
