20 0.617669 0.363167 0.027828 0.054426
5 0.321987 0.178417 0.029349 0.040241
6 0.242477 0.243162 0.022891 0.029843
18 0.231549 0.313009 0.018328 0.039074
0 0.221891 0.109074 0.026063 0.034519
4 0.141578 0.158963 0.019646 0.025278
7 0.110865 0.359833 0.024792 0.035630
11 0.114378 0.220431 0.017703 0.028528
14 0.107229 0.287023 0.020927 0.034472
17 0.782008 0.496972 0.028943 0.052333
16 0.788177 0.389644 0.023219 0.052343
15 0.794047 0.303829 0.028229 0.048306
1 0.801904 0.170352 0.022964 0.041630
20 0.960938 0.418606 0.029677 0.061565
10 0.054148 0.213398 0.020609 0.024741
