20 0.618365 0.363421 0.027833 0.054417
5 0.323380 0.179130 0.029354 0.040241
6 0.244146 0.244153 0.022896 0.029843
18 0.232724 0.313782 0.018323 0.039083
0 0.223747 0.109954 0.026057 0.034519
4 0.143047 0.159593 0.019646 0.025278
7 0.113432 0.360000 0.024792 0.035630
11 0.116393 0.220708 0.017703 0.028528
14 0.109148 0.287023 0.020922 0.034472
17 0.782078 0.497046 0.028948 0.052333
16 0.789404 0.389718 0.023214 0.052343
15 0.794115 0.303852 0.028229 0.048315
1 0.802216 0.170750 0.022964 0.041630
20 0.961255 0.418736 0.029677 0.061565
10 0.056409 0.213565 0.020609 0.024741
