20 0.578177 0.374458 0.027833 0.054417
5 0.270396 0.197329 0.029354 0.040250
6 0.188784 0.266616 0.022891 0.029843
18 0.172438 0.340079 0.018323 0.039083
0 0.167878 0.127833 0.026057 0.034519
4 0.081240 0.181972 0.019646 0.025278
7 0.055198 0.383000 0.024792 0.035630
11 0.054497 0.241162 0.017703 0.028528
14 0.046422 0.308315 0.020927 0.034463
17 0.741297 0.504889 0.028948 0.052333
16 0.746901 0.395815 0.023219 0.052333
15 0.751930 0.312412 0.028224 0.048306
1 0.758531 0.180046 0.022969 0.041630
20 0.934255 0.428296 0.029677 0.061574
