20 0.565073 0.376644 0.027833 0.054417
5 0.254578 0.199981 0.029354 0.040241
6 0.173815 0.268819 0.022891 0.029843
18 0.154294 0.345644 0.018328 0.039083
0 0.149867 0.130694 0.026057 0.034519
4 0.065885 0.185056 0.019646 0.025278
7 0.039453 0.388935 0.024792 0.035630
11 0.038638 0.246051 0.017703 0.028528
14 0.029234 0.313435 0.020927 0.034463
17 0.730706 0.506407 0.028943 0.052333
16 0.734599 0.399144 0.023219 0.052343
15 0.740216 0.313551 0.028224 0.048306
1 0.745747 0.181852 0.022964 0.041630
20 0.921578 0.426185 0.029677 0.061574
