20 0.621143 0.364454 0.027828 0.054426
5 0.328953 0.181991 0.029354 0.040241
6 0.250831 0.248116 0.022891 0.029843
18 0.237430 0.316861 0.018328 0.039074
0 0.231174 0.113481 0.026057 0.034519
4 0.148927 0.162120 0.019646 0.025278
7 0.123708 0.360657 0.024792 0.035630
11 0.124440 0.221810 0.017703 0.028528
14 0.116826 0.287023 0.020922 0.034472
17 0.782362 0.497352 0.028943 0.052333
16 0.791839 0.390019 0.023219 0.052333
15 0.794401 0.303954 0.028229 0.048315
1 0.803466 0.172333 0.022964 0.041630
20 0.962510 0.419264 0.029677 0.061565
10 0.065445 0.214222 0.020609 0.024741
