20 0.574273 0.374741 0.027828 0.054426
5 0.265125 0.198213 0.029354 0.040241
6 0.183794 0.267347 0.022891 0.029843
18 0.166391 0.341931 0.018323 0.039083
0 0.161872 0.128787 0.026057 0.034519
4 0.076120 0.183000 0.019646 0.025278
7 0.049948 0.384981 0.024792 0.035630
11 0.049211 0.242792 0.017703 0.028528
14 0.040693 0.310019 0.020927 0.034463
17 0.737982 0.505648 0.028943 0.052333
16 0.743156 0.396481 0.023219 0.052333
15 0.748560 0.313551 0.028224 0.048306
1 0.754948 0.181472 0.022969 0.041630
20 0.930823 0.428375 0.029677 0.061565
