20 0.625310 0.366000 0.027828 0.054426
5 0.336612 0.185903 0.029349 0.040250
6 0.259081 0.252662 0.022891 0.029843
18 0.243810 0.320236 0.018328 0.039083
0 0.241036 0.118037 0.026063 0.034519
4 0.157750 0.165921 0.019646 0.025269
7 0.135995 0.361361 0.024792 0.035630
11 0.135221 0.223644 0.017703 0.028528
14 0.126966 0.287620 0.020922 0.034463
17 0.782786 0.497806 0.028948 0.052333
16 0.791779 0.390472 0.023214 0.052333
15 0.794823 0.304106 0.028229 0.048306
1 0.804721 0.174912 0.022964 0.041620
20 0.964396 0.420051 0.029677 0.061565
10 0.077289 0.215296 0.020609 0.024741
