20 0.626841 0.366639 0.027828 0.054426
5 0.339865 0.187519 0.029354 0.040241
6 0.260773 0.252884 0.022891 0.029843
18 0.246349 0.320023 0.018323 0.039083
0 0.244547 0.119417 0.026063 0.034519
4 0.162896 0.168139 0.019646 0.025278
7 0.137688 0.361250 0.024792 0.035630
11 0.139250 0.225028 0.017708 0.028537
14 0.130477 0.289000 0.020922 0.034463
17 0.783034 0.498065 0.028943 0.052333
16 0.791742 0.390741 0.023214 0.052333
15 0.795073 0.304194 0.028229 0.048315
1 0.804372 0.176769 0.022964 0.041630
20 0.965495 0.420509 0.029677 0.061574
10 0.081187 0.216065 0.020604 0.024741
