20 0.618711 0.363551 0.027828 0.054417
5 0.324078 0.179486 0.029354 0.040250
6 0.244982 0.244653 0.022891 0.029843
18 0.233313 0.314167 0.018323 0.039074
0 0.224674 0.110398 0.026057 0.034519
4 0.143781 0.159907 0.019646 0.025278
7 0.114719 0.360083 0.024792 0.035630
11 0.117398 0.220847 0.017703 0.028528
14 0.110109 0.287023 0.020927 0.034472
17 0.782115 0.497083 0.028948 0.052333
16 0.790018 0.389759 0.023214 0.052333
15 0.794151 0.303866 0.028229 0.048306
1 0.802372 0.170944 0.022964 0.041630
20 0.961411 0.418806 0.029677 0.061574
10 0.057539 0.213648 0.020609 0.024741
