20 0.588398 0.373060 0.027828 0.054417
5 0.287391 0.193870 0.029354 0.040241
6 0.205620 0.264051 0.022896 0.029843
18 0.189091 0.334208 0.018328 0.039083
0 0.185763 0.124491 0.026057 0.034519
4 0.099151 0.178380 0.019646 0.025278
7 0.072703 0.376065 0.024792 0.035630
11 0.071612 0.237014 0.017703 0.028528
14 0.065432 0.302954 0.020927 0.034463
17 0.751206 0.503213 0.028943 0.052333
16 0.757125 0.394644 0.023219 0.052343
15 0.760768 0.305921 0.028224 0.048306
1 0.767591 0.173778 0.022964 0.041630
20 0.942120 0.423903 0.029677 0.061565
10 0.013589 0.232944 0.017000 0.024741
