20 0.627031 0.366801 0.027833 0.054417
5 0.341719 0.188444 0.029354 0.040241
6 0.261740 0.253005 0.022896 0.029843
18 0.247802 0.319898 0.018323 0.039074
0 0.246555 0.120213 0.026057 0.034519
4 0.165839 0.169398 0.019646 0.025278
7 0.138656 0.361185 0.024792 0.035630
11 0.141555 0.225819 0.017703 0.028528
14 0.132482 0.289796 0.020922 0.034463
17 0.783174 0.498213 0.028943 0.052333
16 0.791721 0.390889 0.023214 0.052333
15 0.795214 0.304245 0.028229 0.048306
1 0.804174 0.177829 0.022964 0.041620
20 0.966125 0.420773 0.029677 0.061565
10 0.083414 0.216509 0.020609 0.024741
