20 0.603810 0.369037 0.027828 0.054426
5 0.302807 0.185662 0.029354 0.040250
6 0.223305 0.256509 0.022891 0.029833
18 0.203979 0.324773 0.018323 0.039083
0 0.200443 0.116722 0.026063 0.034519
4 0.118896 0.169472 0.019646 0.025278
7 0.092391 0.366037 0.024792 0.035630
11 0.089555 0.230468 0.017703 0.028528
14 0.082854 0.295472 0.020927 0.034463
17 0.766638 0.495259 0.028943 0.052333
16 0.771818 0.387148 0.023219 0.052333
15 0.774422 0.304347 0.028229 0.048306
1 0.781253 0.172472 0.022964 0.041630
20 0.955755 0.416435 0.029677 0.061574
10 0.029680 0.222671 0.020609 0.024750
