20 0.576573 0.374269 0.027833 0.054426
5 0.267760 0.197773 0.029354 0.040250
6 0.186289 0.266986 0.022891 0.029843
18 0.169414 0.341005 0.018328 0.039083
0 0.164875 0.128306 0.026062 0.034519
4 0.078677 0.182491 0.019646 0.025278
7 0.052573 0.383991 0.024792 0.035630
11 0.051857 0.241977 0.017703 0.028528
14 0.043557 0.309167 0.020927 0.034463
17 0.739799 0.505463 0.028943 0.052333
16 0.745297 0.395815 0.023219 0.052333
15 0.750646 0.313551 0.028229 0.048306
1 0.757247 0.181375 0.022964 0.041620
20 0.933130 0.428921 0.029677 0.061565
