20 0.616086 0.361278 0.027828 0.054426
5 0.317427 0.178056 0.029354 0.040241
6 0.238370 0.244782 0.022896 0.029843
18 0.226799 0.313681 0.018328 0.039083
0 0.217247 0.108639 0.026057 0.034519
4 0.136234 0.159176 0.019646 0.025278
7 0.107943 0.359222 0.024792 0.035630
11 0.108768 0.220560 0.017703 0.028528
14 0.100328 0.287551 0.020927 0.034472
17 0.778505 0.496056 0.028948 0.052333
16 0.784219 0.387407 0.023219 0.052333
15 0.789552 0.304255 0.028229 0.048306
1 0.797786 0.169713 0.022969 0.041630
20 0.959526 0.418014 0.029677 0.061565
10 0.048440 0.213097 0.020609 0.024750
