20 0.569674 0.375694 0.027828 0.054426
5 0.259852 0.199097 0.029349 0.040250
6 0.178805 0.268088 0.022891 0.029843
18 0.160341 0.343787 0.018328 0.039074
0 0.155870 0.129741 0.026063 0.034519
4 0.071003 0.184028 0.019641 0.025278
7 0.044698 0.386958 0.024792 0.035620
11 0.043924 0.244421 0.017703 0.028528
14 0.034964 0.311731 0.020927 0.034463
17 0.734344 0.506028 0.028948 0.052333
16 0.738878 0.397815 0.023214 0.052333
15 0.744388 0.313551 0.028224 0.048306
1 0.750346 0.181662 0.022964 0.041620
20 0.926198 0.427278 0.029677 0.061574
