20 0.589503 0.371889 0.027828 0.054426
5 0.289297 0.193241 0.029354 0.040241
6 0.207802 0.263681 0.022896 0.029843
18 0.189859 0.333588 0.018323 0.039083
0 0.187201 0.124019 0.026057 0.034519
4 0.101708 0.177870 0.019646 0.025278
7 0.074891 0.375074 0.024792 0.035630
11 0.073560 0.236968 0.017703 0.028528
14 0.067776 0.302407 0.020927 0.034463
17 0.752417 0.503796 0.028948 0.052333
16 0.758224 0.394056 0.023219 0.052333
15 0.761979 0.305532 0.028229 0.048306
1 0.768911 0.173972 0.022969 0.041630
20 0.943240 0.423273 0.029677 0.061565
10 0.015224 0.232208 0.017719 0.024750
