20 0.616703 0.362157 0.027833 0.054426
5 0.319359 0.178056 0.029354 0.040241
6 0.240003 0.243727 0.022891 0.029843
18 0.228880 0.313153 0.018323 0.039083
0 0.219104 0.108639 0.026062 0.034519
4 0.138536 0.158907 0.019646 0.025278
7 0.108760 0.359491 0.024792 0.035630
11 0.111070 0.220431 0.017703 0.028528
14 0.103299 0.287287 0.020922 0.034463
17 0.780240 0.496491 0.028948 0.052333
16 0.785891 0.388505 0.023219 0.052343
15 0.791781 0.304037 0.028229 0.048315
1 0.799768 0.169935 0.022964 0.041630
20 0.960154 0.418278 0.029682 0.061574
10 0.050729 0.213204 0.020604 0.024741
