20 0.595195 0.367579 0.027828 0.054417
5 0.297661 0.190102 0.029354 0.040241
6 0.217378 0.261505 0.022891 0.029843
18 0.194307 0.330319 0.018323 0.039083
0 0.193891 0.121435 0.026063 0.034519
4 0.112813 0.175019 0.019646 0.025278
7 0.084745 0.370472 0.024792 0.035630
11 0.082380 0.236014 0.017708 0.028528
14 0.077865 0.299634 0.020927 0.034472
17 0.758521 0.504593 0.028948 0.052333
16 0.763852 0.391093 0.023214 0.052333
15 0.767807 0.304014 0.028229 0.048306
1 0.775076 0.174472 0.022964 0.041630
20 0.948859 0.420139 0.029677 0.061574
10 0.022747 0.228449 0.020609 0.024750
