20 0.579781 0.374648 0.027833 0.054426
5 0.273031 0.196889 0.029354 0.040241
6 0.191279 0.266250 0.022891 0.029833
18 0.175464 0.339153 0.018323 0.039083
0 0.170878 0.127352 0.026057 0.034519
4 0.083797 0.181463 0.019646 0.025278
7 0.057823 0.382009 0.024792 0.035630
11 0.057143 0.240352 0.017703 0.028537
14 0.049286 0.307463 0.020927 0.034463
17 0.742794 0.504315 0.028943 0.052333
16 0.748505 0.395815 0.023219 0.052333
15 0.753214 0.311269 0.028229 0.048315
1 0.759815 0.178713 0.022964 0.041630
20 0.935380 0.427667 0.029677 0.061574
