20 0.626352 0.366389 0.027828 0.054426
5 0.338005 0.186597 0.029354 0.040250
6 0.259805 0.252755 0.022891 0.029843
18 0.244898 0.320144 0.018328 0.039083
0 0.242542 0.118630 0.026062 0.034519
4 0.159953 0.166870 0.019646 0.025278
7 0.136724 0.361315 0.024792 0.035630
11 0.136945 0.224236 0.017703 0.028528
14 0.128471 0.288213 0.020922 0.034463
17 0.782891 0.497917 0.028948 0.052333
16 0.791763 0.390588 0.023214 0.052343
15 0.794932 0.304144 0.028229 0.048306
1 0.804570 0.175708 0.022964 0.041620
20 0.964867 0.420250 0.029682 0.061574
10 0.078958 0.215630 0.020604 0.024741
