20 0.613359 0.359500 0.027833 0.054426
5 0.310896 0.178690 0.029354 0.040250
6 0.232622 0.248662 0.022891 0.029843
18 0.219177 0.316060 0.018323 0.039083
0 0.210740 0.109306 0.026062 0.034519
4 0.128458 0.160759 0.019646 0.025278
7 0.104401 0.359065 0.024792 0.035630
11 0.100833 0.221745 0.017708 0.028528
14 0.090701 0.288935 0.020922 0.034463
17 0.772750 0.494778 0.028948 0.052333
16 0.778589 0.384356 0.023219 0.052343
15 0.782161 0.304870 0.028229 0.048315
1 0.790961 0.169338 0.022964 0.041620
20 0.957484 0.417157 0.029677 0.061574
10 0.040576 0.213593 0.020609 0.024741
