20 0.597776 0.368352 0.027833 0.054426
5 0.299130 0.188833 0.029354 0.040241
6 0.219070 0.260079 0.022891 0.029843
18 0.197070 0.328736 0.018328 0.039083
0 0.195763 0.120083 0.026057 0.034519
4 0.114552 0.173435 0.019646 0.025278
7 0.086927 0.369213 0.024792 0.035630
11 0.084430 0.234426 0.017703 0.028537
14 0.079289 0.298444 0.020922 0.034463
17 0.761042 0.501500 0.028948 0.052333
16 0.766302 0.389866 0.023219 0.052343
15 0.769776 0.304106 0.028229 0.048306
1 0.776841 0.173903 0.022964 0.041620
20 0.951104 0.418880 0.029677 0.061574
10 0.024727 0.226796 0.020609 0.024741
