20 0.619406 0.363810 0.027833 0.054417
5 0.325469 0.180204 0.029354 0.040241
6 0.246654 0.245644 0.022891 0.029843
18 0.234490 0.314935 0.018323 0.039074
0 0.226534 0.111278 0.026057 0.034519
4 0.145253 0.160546 0.019641 0.025278
7 0.117286 0.360250 0.024792 0.035630
11 0.119409 0.221120 0.017703 0.028537
14 0.112029 0.287023 0.020922 0.034472
17 0.782185 0.497157 0.028943 0.052333
16 0.791245 0.389833 0.023219 0.052333
15 0.794224 0.303894 0.028229 0.048306
1 0.802685 0.171343 0.022964 0.041630
20 0.961724 0.418935 0.029677 0.061574
10 0.059799 0.213815 0.020609 0.024741
