20 0.611622 0.361236 0.027828 0.054417
5 0.309427 0.179958 0.029354 0.040250
6 0.230927 0.250088 0.022896 0.029843
18 0.216414 0.317644 0.018328 0.039083
0 0.208867 0.110657 0.026057 0.034519
4 0.126719 0.162343 0.019646 0.025278
7 0.102219 0.360333 0.024792 0.035630
11 0.098784 0.223329 0.017703 0.028528
14 0.089273 0.290130 0.020922 0.034463
17 0.771638 0.494861 0.028943 0.052333
16 0.777359 0.384866 0.023219 0.052343
15 0.780755 0.304773 0.028229 0.048306
1 0.789195 0.169907 0.022964 0.041630
20 0.957167 0.417028 0.029677 0.061574
10 0.038596 0.215241 0.020609 0.024741
