20 0.586201 0.375407 0.027828 0.054426
5 0.283578 0.195120 0.029354 0.040241
6 0.201255 0.264782 0.022896 0.029843
18 0.187560 0.335440 0.018328 0.039083
0 0.182885 0.125444 0.026063 0.034519
4 0.094031 0.179407 0.019646 0.025278
7 0.068318 0.378046 0.024792 0.035630
11 0.067716 0.237097 0.017703 0.028528
14 0.060745 0.304046 0.020927 0.034463
17 0.748786 0.502037 0.028948 0.052333
16 0.754922 0.395819 0.023219 0.052343
15 0.758346 0.306704 0.028224 0.048315
1 0.764951 0.173389 0.022964 0.041630
20 0.939870 0.425157 0.029677 0.061574
10 0.010323 0.234407 0.015552 0.024741
