20 0.602940 0.369903 0.027828 0.054417
5 0.302073 0.186296 0.029354 0.040241
6 0.222458 0.257222 0.022896 0.029833
18 0.202596 0.325569 0.018328 0.039083
0 0.199508 0.117389 0.026057 0.034519
4 0.118026 0.170269 0.019646 0.025278
7 0.091297 0.366676 0.024792 0.035630
11 0.088531 0.231255 0.017708 0.028528
14 0.082143 0.296069 0.020922 0.034472
17 0.766083 0.495306 0.028948 0.052333
16 0.771201 0.387403 0.023214 0.052343
15 0.773719 0.304296 0.028229 0.048315
1 0.780372 0.172759 0.022964 0.041630
20 0.955599 0.416370 0.029677 0.061574
10 0.028690 0.223495 0.020609 0.024750
