20 0.614693 0.359296 0.027833 0.054426
5 0.313083 0.178056 0.029354 0.040241
6 0.234693 0.247162 0.022896 0.029843
18 0.222120 0.314870 0.018323 0.039074
0 0.213068 0.108639 0.026063 0.034519
4 0.131052 0.159769 0.019646 0.025278
7 0.106104 0.358630 0.024792 0.035630
11 0.103586 0.220856 0.017703 0.028528
14 0.093641 0.288148 0.020927 0.034463
17 0.774607 0.495065 0.028943 0.052333
16 0.780458 0.384926 0.023219 0.052333
15 0.784536 0.304750 0.028229 0.048315
1 0.793331 0.169218 0.022964 0.041620
20 0.958109 0.417421 0.029677 0.061565
10 0.043284 0.212847 0.020609 0.024750
