20 0.619060 0.363681 0.027828 0.054417
5 0.324773 0.179843 0.029349 0.040241
6 0.245818 0.245144 0.022896 0.029843
18 0.233901 0.314551 0.018323 0.039083
0 0.225604 0.110833 0.026063 0.034519
4 0.144516 0.160222 0.019646 0.025278
7 0.116000 0.360167 0.024792 0.035630
11 0.118404 0.220986 0.017703 0.028528
14 0.111068 0.287023 0.020927 0.034472
17 0.782148 0.497120 0.028943 0.052333
16 0.790630 0.389796 0.023219 0.052333
15 0.794188 0.303880 0.028229 0.048315
1 0.802529 0.171144 0.022964 0.041620
20 0.961568 0.418870 0.029677 0.061574
10 0.058669 0.213731 0.020609 0.024741
