20 0.605544 0.367301 0.027828 0.054417
5 0.304279 0.184398 0.029349 0.040241
6 0.224997 0.255083 0.022891 0.029833
18 0.206742 0.323190 0.018328 0.039083
0 0.202315 0.115370 0.026057 0.034519
4 0.120635 0.167889 0.019646 0.025278
7 0.094573 0.364769 0.024792 0.035630
11 0.091607 0.228875 0.017703 0.028528
14 0.084281 0.294287 0.020927 0.034463
17 0.767750 0.495176 0.028948 0.052333
16 0.773047 0.386639 0.023219 0.052333
15 0.775833 0.304440 0.028229 0.048306
1 0.783018 0.171907 0.022964 0.041630
20 0.956068 0.416569 0.029677 0.061565
10 0.031661 0.221019 0.020604 0.024741
