20 0.591701 0.369542 0.027828 0.054417
5 0.293109 0.191991 0.029354 0.040241
6 0.212164 0.262949 0.022891 0.029843
18 0.191391 0.332352 0.018323 0.039074
0 0.190078 0.123060 0.026063 0.034509
4 0.106828 0.176843 0.019646 0.025278
7 0.079271 0.373093 0.024792 0.035630
11 0.077456 0.236884 0.017703 0.028528
14 0.072464 0.301319 0.020927 0.034472
17 0.754839 0.504972 0.028948 0.052333
16 0.760424 0.392884 0.023214 0.052343
15 0.764401 0.304750 0.028229 0.048315
1 0.771552 0.174366 0.022969 0.041620
20 0.945490 0.422019 0.029677 0.061574
10 0.018490 0.230741 0.019167 0.024741
