20 0.621836 0.364713 0.027828 0.054426
5 0.330344 0.182704 0.029354 0.040241
6 0.252503 0.249106 0.022891 0.029843
18 0.238604 0.317634 0.018323 0.039083
0 0.233034 0.114361 0.026057 0.034519
4 0.150398 0.162759 0.019641 0.025278
7 0.126281 0.360824 0.024792 0.035630
11 0.126451 0.222083 0.017703 0.028537
14 0.118745 0.287023 0.020927 0.034472
17 0.782432 0.497426 0.028948 0.052333
16 0.791828 0.390097 0.023219 0.052343
15 0.794469 0.303981 0.028229 0.048315
1 0.803779 0.172727 0.022964 0.041620
20 0.962823 0.419394 0.029677 0.061565
10 0.067706 0.214389 0.020609 0.024741
