20 0.626935 0.366718 0.027828 0.054417
5 0.340792 0.187981 0.029354 0.040241
6 0.261258 0.252940 0.022891 0.029843
18 0.247076 0.319958 0.018328 0.039083
0 0.245549 0.119815 0.026057 0.034519
4 0.164365 0.168769 0.019646 0.025278
7 0.138172 0.361222 0.024792 0.035630
11 0.140404 0.225421 0.017703 0.028528
14 0.131479 0.289398 0.020927 0.034463
17 0.783104 0.498139 0.028948 0.052333
16 0.791732 0.390815 0.023214 0.052333
15 0.795141 0.304218 0.028229 0.048306
1 0.804273 0.177296 0.022964 0.041630
20 0.965812 0.420644 0.029677 0.061565
10 0.082299 0.216287 0.020609 0.024741
