20 0.607284 0.365569 0.027828 0.054417
5 0.305750 0.183130 0.029354 0.040241
6 0.226693 0.253653 0.022896 0.029843
18 0.209505 0.321606 0.018323 0.039083
0 0.204187 0.114028 0.026063 0.034519
4 0.122375 0.166306 0.019646 0.025278
7 0.096755 0.363500 0.024792 0.035630
11 0.093659 0.227292 0.017703 0.028528
14 0.085708 0.293097 0.020927 0.034472
17 0.768862 0.495083 0.028943 0.052333
16 0.774281 0.386134 0.023219 0.052343
15 0.777240 0.304537 0.028229 0.048315
1 0.784784 0.171333 0.022964 0.041630
20 0.956383 0.416699 0.029682 0.061565
10 0.033643 0.219370 0.020609 0.024741
