20 0.592802 0.368366 0.027833 0.054417
5 0.295016 0.191361 0.029354 0.040241
6 0.214346 0.262579 0.022891 0.029843
18 0.192159 0.331731 0.018328 0.039074
0 0.191516 0.122583 0.026063 0.034519
4 0.109385 0.176324 0.019646 0.025278
7 0.081464 0.372102 0.024792 0.035630
11 0.079406 0.236847 0.017708 0.028528
14 0.074807 0.300778 0.020927 0.034463
17 0.756049 0.505556 0.028943 0.052333
16 0.761526 0.392296 0.023219 0.052333
15 0.765609 0.304356 0.028229 0.048306
1 0.772872 0.174565 0.022964 0.041630
20 0.946609 0.421389 0.029677 0.061574
10 0.020125 0.230009 0.019885 0.024741
