20 0.587299 0.374236 0.027828 0.054417
5 0.285484 0.194495 0.029354 0.040250
6 0.203438 0.264412 0.022896 0.029843
18 0.188326 0.334824 0.018328 0.039074
0 0.184323 0.124972 0.026063 0.034519
4 0.096589 0.178898 0.019646 0.025278
7 0.070510 0.377056 0.024792 0.035630
11 0.069664 0.237051 0.017703 0.028528
14 0.063089 0.303500 0.020927 0.034463
17 0.749997 0.502620 0.028943 0.052333
16 0.756023 0.395231 0.023214 0.052333
15 0.759557 0.306315 0.028229 0.048315
1 0.766271 0.173583 0.022969 0.041630
20 0.940995 0.424528 0.029677 0.061574
10 0.011956 0.233676 0.016276 0.024741
