20 0.620102 0.364069 0.027828 0.054417
5 0.326862 0.180917 0.029349 0.040241
6 0.248326 0.246634 0.022891 0.029843
18 0.235664 0.315708 0.018328 0.039083
0 0.228391 0.112157 0.026062 0.034519
4 0.146724 0.161176 0.019646 0.025278
7 0.119854 0.360417 0.024792 0.035630
11 0.121419 0.221394 0.017703 0.028528
14 0.113948 0.287023 0.020927 0.034472
17 0.782255 0.497241 0.028948 0.052333
16 0.791854 0.389907 0.023219 0.052333
15 0.794292 0.303917 0.028229 0.048315
1 0.802997 0.171736 0.022964 0.041620
20 0.962039 0.419065 0.029682 0.061574
10 0.062060 0.213977 0.020609 0.024750
