20 0.616240 0.361495 0.027833 0.054417
5 0.317911 0.178056 0.029354 0.040241
6 0.238779 0.244514 0.022891 0.029843
18 0.227320 0.313551 0.018328 0.039083
0 0.217711 0.108639 0.026057 0.034519
4 0.136813 0.159102 0.019646 0.025278
7 0.108151 0.359287 0.024792 0.035630
11 0.109341 0.220523 0.017703 0.028528
14 0.101070 0.287481 0.020922 0.034463
17 0.778940 0.496167 0.028943 0.052333
16 0.784638 0.387681 0.023214 0.052343
15 0.790109 0.304199 0.028229 0.048306
1 0.798281 0.169769 0.022969 0.041630
20 0.959682 0.418079 0.029677 0.061565
10 0.049013 0.213125 0.020609 0.024750
