20 0.615773 0.360833 0.027828 0.054426
5 0.316464 0.178056 0.029354 0.040241
6 0.237555 0.245310 0.022891 0.029843
18 0.225760 0.313944 0.018323 0.039074
0 0.216318 0.108639 0.026063 0.034519
4 0.135083 0.159306 0.019646 0.025278
7 0.107536 0.359093 0.024792 0.035630
11 0.107617 0.220625 0.017703 0.028528
14 0.098841 0.287685 0.020922 0.034463
17 0.777638 0.495833 0.028943 0.052333
16 0.783385 0.386852 0.023219 0.052333
15 0.788438 0.304366 0.028229 0.048306
1 0.796794 0.169602 0.022964 0.041630
20 0.959211 0.417884 0.029682 0.061565
10 0.047294 0.213042 0.020609 0.024750
