20 0.604680 0.368167 0.027828 0.054426
5 0.303542 0.185028 0.029354 0.040241
6 0.224154 0.255796 0.022891 0.029833
18 0.205359 0.323981 0.018323 0.039074
0 0.201378 0.116046 0.026057 0.034519
4 0.119766 0.168685 0.019646 0.025278
7 0.093479 0.365407 0.024792 0.035630
11 0.090581 0.229671 0.017703 0.028528
14 0.083568 0.294880 0.020927 0.034463
17 0.767195 0.495213 0.028943 0.052333
16 0.772432 0.386898 0.023219 0.052333
15 0.775125 0.304394 0.028229 0.048306
1 0.782135 0.172190 0.022969 0.041620
20 0.955911 0.416500 0.029677 0.061574
10 0.030669 0.221843 0.020609 0.024741
