20 0.614383 0.358856 0.027828 0.054417
5 0.312115 0.178056 0.029354 0.040241
6 0.233878 0.247690 0.022891 0.029843
18 0.221081 0.315134 0.018328 0.039083
0 0.212141 0.108639 0.026062 0.034519
4 0.129901 0.159898 0.019646 0.025278
7 0.105698 0.358500 0.024792 0.035630
11 0.102435 0.220921 0.017703 0.028528
14 0.092156 0.288278 0.020927 0.034463
17 0.773740 0.494843 0.028948 0.052333
16 0.779625 0.384380 0.023219 0.052333
15 0.783422 0.304861 0.028229 0.048315
1 0.792339 0.169106 0.022969 0.041620
20 0.957797 0.417292 0.029677 0.061565
10 0.042138 0.212796 0.020609 0.024741
