20 0.615003 0.359736 0.027828 0.054417
5 0.314047 0.178056 0.029354 0.040241
6 0.235510 0.246634 0.022896 0.029843
18 0.223159 0.314606 0.018328 0.039083
0 0.213997 0.108639 0.026057 0.034519
4 0.132206 0.159639 0.019641 0.025278
7 0.106516 0.358759 0.024792 0.035630
11 0.104737 0.220792 0.017703 0.028528
14 0.095128 0.288014 0.020922 0.034472
17 0.775471 0.495287 0.028943 0.052333
16 0.781294 0.385481 0.023214 0.052333
15 0.785651 0.304644 0.028229 0.048306
1 0.794320 0.169324 0.022964 0.041630
20 0.958427 0.417556 0.029677 0.061574
10 0.044430 0.212903 0.020609 0.024750
