20 0.562773 0.377120 0.027828 0.054426
5 0.251656 0.199731 0.029354 0.040241
6 0.170565 0.269588 0.022891 0.029843
18 0.151477 0.346301 0.018328 0.039083
0 0.146766 0.131361 0.026063 0.034519
4 0.062073 0.185731 0.019646 0.025278
7 0.035570 0.390593 0.023797 0.035630
11 0.031211 0.247699 0.017703 0.028528
14 0.021497 0.313986 0.020922 0.034472
17 0.728888 0.506602 0.028943 0.052333
16 0.732458 0.399810 0.023219 0.052343
15 0.738130 0.313551 0.028229 0.048306
1 0.743448 0.181944 0.022969 0.041630
20 0.919268 0.425639 0.029682 0.061574
