20 0.584596 0.375218 0.027828 0.054417
5 0.280943 0.195565 0.029354 0.040241
6 0.198760 0.265153 0.022896 0.029843
18 0.184534 0.336370 0.018328 0.039074
0 0.179883 0.125926 0.026057 0.034519
4 0.091474 0.179921 0.019646 0.025269
7 0.065698 0.379037 0.024792 0.035630
11 0.065070 0.237912 0.017703 0.028528
14 0.057880 0.304898 0.020927 0.034463
17 0.747289 0.502611 0.028943 0.052333
16 0.753318 0.395815 0.023219 0.052333
15 0.757062 0.307847 0.028229 0.048306
1 0.763667 0.174722 0.022969 0.041630
20 0.938750 0.425787 0.029677 0.061574
10 0.008687 0.235144 0.014833 0.024750
