20 0.608151 0.364704 0.027833 0.054426
5 0.306484 0.182495 0.029354 0.040250
6 0.227539 0.252940 0.022891 0.029843
18 0.210888 0.320810 0.018328 0.039083
0 0.205122 0.113352 0.026057 0.034519
4 0.123245 0.165509 0.019646 0.025278
7 0.097849 0.362870 0.024792 0.035630
11 0.094682 0.226505 0.017708 0.028528
14 0.086422 0.292500 0.020927 0.034463
17 0.769417 0.495037 0.028948 0.052333
16 0.774896 0.385880 0.023219 0.052333
15 0.777943 0.304583 0.028229 0.048315
1 0.785664 0.171046 0.022964 0.041630
20 0.956542 0.416769 0.029677 0.061574
10 0.034633 0.218546 0.020609 0.024741
