20 0.618018 0.363296 0.027828 0.054426
5 0.322682 0.178773 0.029354 0.040250
6 0.243310 0.243662 0.022891 0.029843
18 0.232135 0.313394 0.018323 0.039083
0 0.222818 0.109519 0.026062 0.034519
4 0.142313 0.159278 0.019646 0.025278
7 0.112151 0.359917 0.024792 0.035630
11 0.115385 0.220569 0.017708 0.028528
14 0.108190 0.287023 0.020922 0.034472
17 0.782044 0.497009 0.028943 0.052333
16 0.788792 0.389681 0.023219 0.052343
15 0.794083 0.303843 0.028229 0.048315
1 0.802060 0.170546 0.022964 0.041630
20 0.961096 0.418671 0.029682 0.061565
10 0.055279 0.213481 0.020609 0.024741
