20 0.615930 0.361056 0.027828 0.054426
5 0.316943 0.178056 0.029354 0.040241
6 0.237961 0.245046 0.022891 0.029833
18 0.226279 0.313810 0.018328 0.039083
0 0.216784 0.108639 0.026057 0.034519
4 0.135661 0.159241 0.019646 0.025278
7 0.107740 0.359157 0.024792 0.035630
11 0.108190 0.220588 0.017703 0.028528
14 0.099586 0.287620 0.020922 0.034463
17 0.778073 0.495944 0.028948 0.052333
16 0.783802 0.387130 0.023219 0.052333
15 0.788995 0.304310 0.028229 0.048306
1 0.797289 0.169657 0.022964 0.041630
20 0.959370 0.417949 0.029677 0.061565
10 0.047867 0.213069 0.020609 0.024750
