20 0.627174 0.366921 0.027828 0.054417
5 0.343115 0.189139 0.029354 0.040241
6 0.262466 0.253097 0.022891 0.029843
18 0.248891 0.319806 0.018323 0.039074
0 0.248057 0.120806 0.026063 0.034519
4 0.168042 0.170352 0.019646 0.025278
7 0.139380 0.361139 0.024792 0.035630
11 0.143279 0.226412 0.017703 0.028528
14 0.133987 0.290389 0.020922 0.034463
17 0.783281 0.498333 0.028948 0.052333
16 0.791706 0.391000 0.023214 0.052333
15 0.795318 0.304282 0.028229 0.048306
1 0.804023 0.178625 0.022964 0.041620
20 0.966594 0.420972 0.029677 0.061574
10 0.085086 0.216838 0.020609 0.024750
