20 0.626888 0.366676 0.027828 0.054426
5 0.340328 0.187750 0.029354 0.040241
6 0.261013 0.252912 0.022891 0.029843
18 0.246714 0.319991 0.018323 0.039074
0 0.245049 0.119620 0.026057 0.034519
4 0.163630 0.168454 0.019646 0.025278
7 0.137932 0.361231 0.024792 0.035630
11 0.139826 0.225227 0.017703 0.028528
14 0.130977 0.289204 0.020922 0.034463
17 0.783068 0.498102 0.028948 0.052333
16 0.791737 0.390778 0.023214 0.052333
15 0.795109 0.304208 0.028229 0.048306
1 0.804320 0.177037 0.022964 0.041630
20 0.965651 0.420579 0.029677 0.061565
10 0.081742 0.216176 0.020609 0.024741
