20 0.625656 0.366130 0.027833 0.054426
5 0.337078 0.186134 0.029354 0.040250
6 0.259320 0.252699 0.022891 0.029843
18 0.244174 0.320208 0.018328 0.039083
0 0.241539 0.118231 0.026057 0.034519
4 0.158484 0.166241 0.019646 0.025278
7 0.136240 0.361343 0.024792 0.035630
11 0.135794 0.223838 0.017703 0.028528
14 0.127469 0.287815 0.020927 0.034463
17 0.782820 0.497843 0.028943 0.052333
16 0.791773 0.390509 0.023214 0.052333
15 0.794859 0.304116 0.028229 0.048306
1 0.804669 0.175176 0.022964 0.041630
20 0.964552 0.420116 0.029677 0.061565
10 0.077844 0.215407 0.020604 0.024741
