20 0.626698 0.366519 0.027833 0.054426
5 0.338469 0.186829 0.029354 0.040250
6 0.260047 0.252792 0.022896 0.029843
18 0.245260 0.320116 0.018323 0.039083
0 0.243044 0.118824 0.026057 0.034519
4 0.160693 0.167185 0.019646 0.025278
7 0.136964 0.361296 0.024792 0.035630
11 0.137523 0.224431 0.017703 0.028528
14 0.128971 0.288407 0.020922 0.034463
17 0.782927 0.497954 0.028948 0.052333
16 0.791758 0.390625 0.023214 0.052343
15 0.794964 0.304157 0.028229 0.048315
1 0.804521 0.175972 0.022969 0.041630
20 0.965026 0.420315 0.029677 0.061574
10 0.079516 0.215741 0.020604 0.024741
