20 0.616393 0.361718 0.027828 0.054417
5 0.318393 0.178056 0.029349 0.040241
6 0.239187 0.244255 0.022896 0.029843
18 0.227841 0.313417 0.018328 0.039074
0 0.218174 0.108639 0.026057 0.034519
4 0.137385 0.159037 0.019646 0.025278
7 0.108354 0.359356 0.024792 0.035620
11 0.109919 0.220495 0.017703 0.028528
14 0.101813 0.287417 0.020927 0.034463
17 0.779372 0.496278 0.028943 0.052333
16 0.785055 0.387954 0.023214 0.052333
15 0.790667 0.304148 0.028229 0.048315
1 0.798779 0.169824 0.022964 0.041630
20 0.959839 0.418148 0.029677 0.061574
10 0.049586 0.213153 0.020609 0.024750
