20 0.626003 0.366259 0.027828 0.054426
5 0.337542 0.186366 0.029354 0.040250
6 0.259565 0.252727 0.022891 0.029843
18 0.244536 0.320176 0.018323 0.039074
0 0.242039 0.118426 0.026057 0.034519
4 0.159219 0.166556 0.019646 0.025278
7 0.136479 0.361324 0.024792 0.035630
11 0.136372 0.224037 0.017703 0.028537
14 0.127969 0.288014 0.020927 0.034472
17 0.782857 0.497880 0.028943 0.052333
16 0.791768 0.390546 0.023214 0.052333
15 0.794896 0.304130 0.028229 0.048315
1 0.804622 0.175444 0.022964 0.041630
20 0.964708 0.420185 0.029677 0.061574
10 0.078401 0.215519 0.020604 0.024741
