20 0.606414 0.366435 0.027828 0.054426
5 0.305016 0.183759 0.029354 0.040241
6 0.225846 0.254366 0.022891 0.029843
18 0.208125 0.322398 0.018323 0.039074
0 0.203250 0.114694 0.026062 0.034519
4 0.121505 0.167093 0.019646 0.025278
7 0.095667 0.364139 0.024792 0.035630
11 0.092633 0.228088 0.017703 0.028528
14 0.084995 0.293694 0.020927 0.034463
17 0.768305 0.495130 0.028943 0.052333
16 0.773664 0.386389 0.023214 0.052333
15 0.776536 0.304491 0.028229 0.048315
1 0.783898 0.171620 0.022964 0.041630
20 0.956224 0.416634 0.029677 0.061565
10 0.032654 0.220194 0.020609 0.024741
