20 0.596484 0.367968 0.027833 0.054417
5 0.298396 0.189468 0.029354 0.040250
6 0.218224 0.260792 0.022896 0.029843
18 0.195688 0.329532 0.018323 0.039083
0 0.194826 0.120759 0.026057 0.034519
4 0.113682 0.174231 0.019646 0.025278
7 0.085839 0.369843 0.024792 0.035630
11 0.083404 0.235218 0.017703 0.028528
14 0.078576 0.299037 0.020922 0.034463
17 0.759781 0.503046 0.028948 0.052333
16 0.765076 0.390481 0.023214 0.052333
15 0.768792 0.304060 0.028229 0.048306
1 0.775956 0.174185 0.022964 0.041630
20 0.949979 0.419509 0.029677 0.061574
10 0.023737 0.227625 0.020609 0.024750
