20 0.614846 0.359514 0.027828 0.054417
5 0.313562 0.178056 0.029354 0.040241
6 0.235102 0.246894 0.022891 0.029843
18 0.222641 0.314736 0.018323 0.039083
0 0.213534 0.108639 0.026057 0.034519
4 0.131630 0.159704 0.019646 0.025278
7 0.106313 0.358694 0.024792 0.035630
11 0.104161 0.220819 0.017708 0.028528
14 0.094385 0.288079 0.020927 0.034472
17 0.775039 0.495176 0.028943 0.052333
16 0.780878 0.385204 0.023214 0.052333
15 0.785094 0.304694 0.028229 0.048315
1 0.793826 0.169273 0.022964 0.041620
20 0.958268 0.417491 0.029682 0.061574
10 0.043857 0.212875 0.020609 0.024750
