20 0.609018 0.363833 0.027828 0.054426
5 0.307219 0.181861 0.029354 0.040241
6 0.228388 0.252227 0.022891 0.029843
18 0.212268 0.320023 0.018328 0.039083
0 0.206060 0.112676 0.026057 0.034519
4 0.124112 0.164722 0.019641 0.025278
7 0.098943 0.362231 0.024792 0.035630
11 0.095706 0.225708 0.017703 0.028528
14 0.087135 0.291907 0.020927 0.034463
17 0.769971 0.495000 0.028943 0.052333
16 0.775510 0.385625 0.023219 0.052343
15 0.778646 0.304630 0.028229 0.048315
1 0.786549 0.170764 0.022964 0.041620
20 0.956698 0.416833 0.029677 0.061574
10 0.035622 0.217718 0.020609 0.024750
