20 0.616857 0.362375 0.027828 0.054417
5 0.319844 0.178056 0.029354 0.040241
6 0.240414 0.243458 0.022891 0.029843
18 0.229401 0.313023 0.018323 0.039083
0 0.219568 0.108639 0.026062 0.034519
4 0.139115 0.158843 0.019646 0.025278
7 0.108969 0.359556 0.024792 0.035630
11 0.111646 0.220394 0.017708 0.028528
14 0.104042 0.287222 0.020927 0.034463
17 0.780672 0.496602 0.028948 0.052333
16 0.786310 0.388778 0.023214 0.052333
15 0.792339 0.303981 0.028229 0.048315
1 0.800263 0.169986 0.022964 0.041620
20 0.960313 0.418343 0.029677 0.061574
10 0.051302 0.213231 0.020604 0.024741
