20 0.627128 0.366880 0.027828 0.054426
5 0.342648 0.188907 0.029349 0.040241
6 0.262224 0.253065 0.022896 0.029833
18 0.248526 0.319838 0.018323 0.039083
0 0.247555 0.120611 0.026057 0.034519
4 0.167307 0.170037 0.019646 0.025278
7 0.139141 0.361157 0.024792 0.035630
11 0.142706 0.226218 0.017703 0.028528
14 0.133484 0.290194 0.020927 0.034463
17 0.783245 0.498296 0.028948 0.052333
16 0.791711 0.390963 0.023214 0.052333
15 0.795284 0.304269 0.028224 0.048315
1 0.804073 0.178361 0.022969 0.041630
20 0.966437 0.420907 0.029677 0.061574
10 0.084529 0.216731 0.020609 0.024741
