20 0.593904 0.367194 0.027828 0.054426
5 0.296924 0.190736 0.029349 0.040250
6 0.216529 0.262218 0.022891 0.029843
18 0.192924 0.331116 0.018328 0.039083
0 0.192956 0.122106 0.026057 0.034509
4 0.111943 0.175815 0.019646 0.025278
7 0.083651 0.371111 0.024792 0.035630
11 0.081357 0.236801 0.017703 0.028528
14 0.077151 0.300231 0.020927 0.034463
17 0.757258 0.506148 0.028943 0.052333
16 0.762625 0.391713 0.023219 0.052333
15 0.766820 0.303968 0.028224 0.048306
1 0.774193 0.174759 0.022969 0.041630
20 0.947734 0.420764 0.029677 0.061565
10 0.021758 0.229273 0.020609 0.024750
