20 0.626745 0.366556 0.027833 0.054426
5 0.338932 0.187060 0.029354 0.040250
6 0.260289 0.252819 0.022891 0.029843
18 0.245625 0.320083 0.018323 0.039074
0 0.243544 0.119028 0.026057 0.034519
4 0.161427 0.167500 0.019646 0.025278
7 0.137208 0.361278 0.024792 0.035630
11 0.138099 0.224634 0.017708 0.028528
14 0.129474 0.288611 0.020927 0.034463
17 0.782961 0.497991 0.028943 0.052333
16 0.791753 0.390662 0.023214 0.052343
15 0.795000 0.304167 0.028229 0.048315
1 0.804471 0.176241 0.022964 0.041630
20 0.965182 0.420380 0.029677 0.061574
10 0.080073 0.215847 0.020604 0.024750
