20 0.610755 0.362102 0.027833 0.054426
5 0.308693 0.180593 0.029354 0.040241
6 0.230081 0.250801 0.022891 0.029843
18 0.215034 0.318435 0.018328 0.039074
0 0.207930 0.111333 0.026057 0.034519
4 0.125849 0.163134 0.019646 0.025269
7 0.101125 0.360972 0.024792 0.035630
11 0.097758 0.224125 0.017703 0.028528
14 0.088560 0.290722 0.020922 0.034463
17 0.771083 0.494907 0.028948 0.052333
16 0.776742 0.385120 0.023214 0.052333
15 0.780052 0.304727 0.028229 0.048306
1 0.788315 0.170194 0.022964 0.041630
20 0.957010 0.416963 0.029677 0.061574
10 0.037607 0.216065 0.020609 0.024741
