20 0.627221 0.366958 0.027828 0.054417
5 0.343578 0.189370 0.029354 0.040241
6 0.262706 0.253125 0.022891 0.029843
18 0.249253 0.319773 0.018328 0.039083
0 0.248560 0.121009 0.026057 0.034519
4 0.168776 0.170667 0.019646 0.025278
7 0.139625 0.361130 0.024792 0.035630
11 0.143857 0.226616 0.017703 0.028528
14 0.134487 0.290588 0.020922 0.034472
17 0.783315 0.498370 0.028943 0.052333
16 0.791701 0.391037 0.023214 0.052333
15 0.795354 0.304292 0.028229 0.048306
1 0.803974 0.178889 0.022969 0.041630
20 0.966755 0.421037 0.029677 0.061574
10 0.085643 0.216949 0.020609 0.024750
