20 0.623919 0.365486 0.027828 0.054417
5 0.334523 0.184852 0.029349 0.040241
6 0.257518 0.252079 0.022891 0.029843
18 0.242133 0.319944 0.018328 0.039074
0 0.238604 0.117000 0.026062 0.034519
4 0.154807 0.164657 0.019646 0.025278
7 0.133984 0.361324 0.024792 0.035630
11 0.132487 0.222912 0.017703 0.028528
14 0.124503 0.287023 0.020922 0.034472
17 0.782643 0.497648 0.028943 0.052333
16 0.791797 0.390324 0.023219 0.052333
15 0.794682 0.304056 0.028229 0.048315
1 0.804711 0.173917 0.022964 0.041630
20 0.963766 0.419787 0.029677 0.061574
10 0.074487 0.214884 0.020609 0.024750
