20 0.626982 0.366759 0.027828 0.054426
5 0.341255 0.188213 0.029354 0.040241
6 0.261497 0.252972 0.022891 0.029833
18 0.247438 0.319931 0.018323 0.039083
0 0.246052 0.120019 0.026063 0.034519
4 0.165102 0.169083 0.019641 0.025278
7 0.138417 0.361204 0.024792 0.035630
11 0.140977 0.225625 0.017703 0.028528
14 0.131982 0.289597 0.020922 0.034472
17 0.783138 0.498176 0.028943 0.052333
16 0.791727 0.390852 0.023214 0.052333
15 0.795177 0.304231 0.028229 0.048315
1 0.804221 0.177565 0.022964 0.041630
20 0.965969 0.420708 0.029677 0.061565
10 0.082857 0.216398 0.020609 0.024741
