20 0.624268 0.365616 0.027828 0.054417
5 0.335219 0.185208 0.029354 0.040250
6 0.258354 0.252574 0.022896 0.029833
18 0.242721 0.320329 0.018328 0.039083
0 0.239534 0.117440 0.026057 0.034509
4 0.155547 0.164972 0.019646 0.025278
7 0.135271 0.361407 0.024792 0.035630
11 0.133492 0.223046 0.017703 0.028537
14 0.125461 0.287023 0.020922 0.034472
17 0.782680 0.497685 0.028943 0.052333
16 0.791792 0.390361 0.023219 0.052333
15 0.794719 0.304069 0.028229 0.048306
1 0.804867 0.174116 0.022964 0.041620
20 0.963924 0.419852 0.029682 0.061574
10 0.075617 0.214968 0.020609 0.024750
