20 0.558174 0.378069 0.027828 0.054417
5 0.245807 0.199241 0.029354 0.040241
6 0.164065 0.271130 0.022891 0.029833
18 0.145844 0.347625 0.018323 0.039083
0 0.140560 0.132685 0.026057 0.034519
4 0.054453 0.187074 0.019646 0.025278
7 0.027810 0.393889 0.021797 0.035630
11 0.023987 0.247329 0.017703 0.028528
14 0.015513 0.316556 0.020922 0.034463
17 0.725250 0.506981 0.028948 0.052333
16 0.728180 0.401139 0.023214 0.052333
15 0.733958 0.313551 0.028229 0.048306
1 0.738846 0.182139 0.022964 0.041630
20 0.914646 0.424542 0.029677 0.061565
