20 0.548581 0.377120 0.027828 0.054426
5 0.233859 0.201778 0.029354 0.040241
6 0.151065 0.274208 0.022891 0.029843
18 0.134576 0.350264 0.018328 0.039083
0 0.128151 0.135352 0.026062 0.034519
4 0.040344 0.190157 0.019646 0.025278
7 0.012284 0.400495 0.017807 0.035620
11 0.012391 0.252653 0.017708 0.028528
14 0.006818 0.323009 0.013635 0.034463
17 0.715909 0.506731 0.028943 0.052333
16 0.719620 0.401838 0.023219 0.052343
15 0.723724 0.312282 0.028229 0.048306
1 0.729258 0.182963 0.022964 0.041630
20 0.906328 0.424542 0.029677 0.061565
