20 0.545315 0.380963 0.027828 0.054426
5 0.227766 0.204806 0.029354 0.040241
6 0.144565 0.275755 0.022891 0.029843
18 0.128943 0.351588 0.018323 0.039083
0 0.121948 0.136685 0.026063 0.034519
4 0.033859 0.191907 0.019646 0.025278
7 0.008188 0.401324 0.016375 0.035630
11 0.009789 0.253968 0.017703 0.028528
17 0.710359 0.507093 0.028948 0.052333
16 0.715943 0.401519 0.023219 0.052333
15 0.718383 0.315074 0.028224 0.048315
1 0.724065 0.182593 0.022964 0.041630
20 0.902630 0.425634 0.029677 0.061565
