20 0.560471 0.377593 0.027828 0.054426
5 0.248729 0.199486 0.029354 0.040250
6 0.167315 0.270356 0.022891 0.029843
18 0.148661 0.346963 0.018323 0.039074
0 0.143664 0.132019 0.026057 0.034519
4 0.058266 0.186398 0.019646 0.025278
7 0.031690 0.392241 0.022797 0.035630
11 0.027602 0.247514 0.017703 0.028528
14 0.018505 0.315269 0.020927 0.034463
17 0.727070 0.506792 0.028943 0.052324
16 0.730318 0.400477 0.023219 0.052343
15 0.736044 0.313551 0.028224 0.048306
1 0.741148 0.182042 0.022964 0.041620
20 0.916958 0.425088 0.029677 0.061565
