20 0.551076 0.378069 0.027828 0.054417
5 0.236909 0.200259 0.029349 0.040241
6 0.154315 0.273440 0.022891 0.029843
18 0.137393 0.349606 0.018328 0.039083
0 0.131253 0.134685 0.026057 0.034519
4 0.043589 0.189287 0.019646 0.025278
7 0.016167 0.398843 0.018802 0.035630
11 0.014992 0.250995 0.017703 0.028528
14 0.008302 0.322352 0.016604 0.034463
17 0.718760 0.507046 0.028948 0.052333
16 0.721760 0.402157 0.023219 0.052333
15 0.726755 0.312917 0.028229 0.048315
1 0.731753 0.182644 0.022964 0.041620
20 0.908177 0.423991 0.029677 0.061574
