20 0.553573 0.379023 0.027833 0.054417
5 0.239958 0.198745 0.029354 0.040250
6 0.157565 0.272671 0.022891 0.029843
18 0.140211 0.348944 0.018328 0.039074
0 0.134357 0.134019 0.026057 0.034519
4 0.046833 0.188417 0.019646 0.025278
7 0.020047 0.397194 0.019802 0.035630
11 0.017591 0.249347 0.017703 0.028528
14 0.009789 0.321690 0.019578 0.034472
17 0.721615 0.507361 0.028948 0.052333
16 0.723901 0.402472 0.023219 0.052333
15 0.729786 0.313551 0.028229 0.048306
1 0.734247 0.182324 0.022964 0.041630
20 0.910026 0.423444 0.029677 0.061574
