20 0.555872 0.378546 0.027828 0.054426
5 0.242880 0.198991 0.029354 0.040241
6 0.160815 0.271903 0.022891 0.029843
18 0.143026 0.348282 0.018323 0.039083
0 0.137458 0.133352 0.026062 0.034519
4 0.050641 0.187741 0.019646 0.025278
7 0.023927 0.395546 0.020802 0.035630
11 0.020378 0.247144 0.017703 0.028528
14 0.012521 0.317838 0.020927 0.034472
17 0.723432 0.507176 0.028948 0.052333
16 0.726039 0.401806 0.023214 0.052333
15 0.731870 0.313551 0.028229 0.048306
1 0.736549 0.182231 0.022964 0.041630
20 0.912336 0.423991 0.029682 0.061574
