20 0.546086 0.376167 0.027828 0.054426
5 0.230812 0.203287 0.029354 0.040241
6 0.147815 0.274981 0.022891 0.029833
18 0.131760 0.350926 0.018323 0.039074
0 0.125049 0.136019 0.026057 0.034519
4 0.037104 0.191037 0.019646 0.025278
7 0.008404 0.402148 0.016807 0.035630
11 0.009789 0.253968 0.017703 0.028528
17 0.713055 0.506407 0.028943 0.052333
16 0.717482 0.401523 0.023214 0.052343
15 0.720693 0.311653 0.028229 0.048306
1 0.726760 0.183278 0.022969 0.041630
20 0.904479 0.425088 0.029677 0.061565
